SERVER начал работу.
01 00 16 00 00 00 
01 00 16 00 00 00 00 00 00 00 10 00 D0 95 D0 B1 D0 B0 D1 80 D1 8C D0 9C D0 B0 D0 BC 
07 00 10 00 00 00 
07 00 10 00 00 00 00 00 00 00 00 00 00 40 00 00 00 00 00 00 00 00 
01 00 0B 00 00 00 
01 00 0B 00 00 00 00 00 00 00 05 00 73 64 66 73 64 
07 00 10 00 00 00 
07 00 10 00 00 00 00 00 00 00 00 00 00 40 00 00 00 00 00 00 00 00 
03 00 21 00 00 00 
03 00 21 00 00 00 00 00 00 00 07 00 00 00 00 A8 EE CE BE 00 00 00 00 00 00 00 00 00 00 00 00 00 00 00 00 00 00 00 00 
03 00 21 00 00 00 
03 00 21 00 00 00 00 00 00 00 07 00 00 00 00 A8 EE CE BE 00 00 00 00 00 00 00 00 00 00 00 00 00 00 00 00 00 00 00 00 
03 00 21 00 00 00 
03 00 21 00 00 00 00 00 00 00 07 00 00 00 00 A8 EE CE BE 00 00 00 00 00 00 00 00 00 00 00 00 00 00 00 00 00 00 00 00 
03 00 21 00 00 00 
03 00 21 00 00 00 00 00 00 00 07 00 00 00 00 A8 EE CE BE 00 00 00 00 00 00 00 00 00 00 00 00 00 00 00 00 00 00 00 00 
03 00 21 00 00 00 
03 00 21 00 00 00 00 00 00 00 07 00 00 00 00 A8 EE CE BE 00 00 00 00 00 00 00 00 00 00 00 00 00 00 00 00 00 00 00 00 
03 00 21 00 00 00 
03 00 21 00 00 00 00 00 00 00 07 00 00 00 00 A8 EE CE BE 00 00 00 00 00 00 00 00 00 00 00 00 00 00 00 00 00 00 00 00 
03 00 21 00 00 00 
03 00 21 00 00 00 00 00 00 00 07 00 00 00 00 A8 EE CE BE 00 00 00 00 00 00 00 00 00 00 00 00 00 00 00 00 00 00 00 00 
03 00 21 00 00 00 
03 00 21 00 00 00 00 00 00 00 07 00 00 00 00 A8 EE CE BE 00 00 00 00 00 00 00 00 00 00 00 00 00 00 00 00 00 00 00 00 
03 00 21 00 00 00 
03 00 21 00 00 00 00 00 00 00 07 00 00 00 00 A8 EE CE BE 00 00 00 00 00 00 00 00 00 00 00 00 00 00 00 00 00 00 00 00 
03 00 21 00 00 00 
03 00 21 00 00 00 00 00 00 00 07 00 00 00 00 A8 EE CE BE 00 00 00 00 00 00 00 00 00 00 00 00 00 00 00 00 00 00 00 00 
03 00 21 00 00 00 
03 00 21 00 00 00 00 00 00 00 07 00 00 00 00 A8 EE CE BE 00 00 00 00 00 00 00 00 00 00 00 00 00 00 00 00 00 00 00 00 
0A 00 28 00 00 00 
0A 00 28 00 00 00 1B 71 88 40 86 37 E7 3F 53 6F BF 40 00 00 00 00 B5 62 74 3F 00 00 00 00 19 F1 1D C2 8F 5F 0C C1 F4 85 64 C2 00 00 A0 41 
03 00 21 00 00 00 
03 00 21 00 00 00 00 00 00 00 07 00 00 00 00 A8 EE CE BE 00 00 00 00 00 00 00 00 00 00 00 00 00 00 00 00 00 00 00 00 
0A 00 28 00 00 00 
0A 00 28 00 00 00 1B 71 88 40 86 37 E7 3F 53 6F BF 40 00 00 00 00 B5 62 74 3F 00 00 00 00 19 F1 1D C2 8F 5F 0C C1 F4 85 64 C2 00 00 A0 41 
03 00 21 00 00 00 
0C 00 15 00 00 00 
03 00 21 00 00 00 00 00 00 00 07 00 00 00 00 A8 EE CE BE 00 00 00 00 00 00 00 00 00 00 00 00 00 00 00 00 00 00 00 00 
0C 00 15 00 00 00 0F 00 31 32 37 2E 30 2E 30 2E 31 3A 36 30 38 31 38 00 00 A0 41 
0C 00 15 00 00 00 
0C 00 15 00 00 00 0F 00 31 32 37 2E 30 2E 30 2E 31 3A 36 30 38 31 38 00 00 A0 41 
0C 00 15 00 00 00 
0C 00 15 00 00 00 0F 00 31 32 37 2E 30 2E 30 2E 31 3A 36 30 38 31 38 00 00 A0 41 
03 00 21 00 00 00 
0A 00 28 00 00 00 
03 00 21 00 00 00 00 00 00 00 07 00 00 00 00 A8 EE CE BE 00 00 00 00 00 00 00 00 00 00 00 00 00 00 00 00 00 00 00 00 
0A 00 28 00 00 00 1B 71 88 40 86 37 E7 3F 53 6F BF 40 00 00 00 00 B5 62 74 3F 00 00 00 00 19 F1 1D C2 8F 5F 0C C1 F4 85 64 C2 00 00 A0 41 
0C 00 15 00 00 00 
0C 00 15 00 00 00 0F 00 31 32 37 2E 30 2E 30 2E 31 3A 36 30 38 31 38 00 00 A0 41 
0A 00 28 00 00 00 
0A 00 28 00 00 00 1B 71 88 40 86 37 E7 3F 53 6F BF 40 00 00 00 00 B5 62 74 3F 00 00 00 00 19 F1 1D C2 8F 5F 0C C1 F4 85 64 C2 00 00 A0 41 
03 00 21 00 00 00 
0C 00 15 00 00 00 
03 00 21 00 00 00 00 00 00 00 07 00 00 00 00 A8 EE CE BE 00 00 00 00 00 00 00 00 00 00 00 00 00 00 00 00 00 00 00 00 
0C 00 15 00 00 00 0F 00 31 32 37 2E 30 2E 30 2E 31 3A 36 30 38 31 38 00 00 A0 41 
0C 00 15 00 00 00 
0C 00 15 00 00 00 
0C 00 15 00 00 00 0F 00 31 32 37 2E 30 2E 30 2E 31 3A 36 30 38 31 38 00 00 A0 41 
0C 00 15 00 00 00 0F 00 31 32 37 2E 30 2E 30 2E 31 3A 36 30 38 31 38 00 00 A0 41 
0A 00 28 00 00 00 
03 00 21 00 00 00 
0A 00 28 00 00 00 1B 71 88 40 86 37 E7 3F 53 6F BF 40 00 00 00 00 B5 62 74 3F 00 00 00 00 19 F1 1D C2 8F 5F 0C C1 F4 85 64 C2 00 00 A0 41 
03 00 21 00 00 00 00 00 00 00 07 00 00 00 00 A8 EE CE BE 00 00 00 00 00 00 00 00 00 00 00 00 00 00 00 00 00 00 00 00 
0C 00 15 00 00 00 
0C 00 15 00 00 00 0F 00 31 32 37 2E 30 2E 30 2E 31 3A 36 30 38 31 38 00 00 A0 41 
0C 00 15 00 00 00 
03 00 21 00 00 00 
0C 00 15 00 00 00 0F 00 31 32 37 2E 30 2E 30 2E 31 3A 36 30 38 31 38 00 00 A0 41 
03 00 21 00 00 00 00 00 00 00 07 00 00 00 00 A8 EE CE BE 00 00 00 00 00 00 00 00 00 00 00 00 00 00 00 00 00 00 00 00 
0A 00 28 00 00 00 
0A 00 28 00 00 00 1B 71 88 40 86 37 E7 3F 53 6F BF 40 00 00 00 00 B5 62 74 3F 00 00 00 00 19 F1 1D C2 8F 5F 0C C1 F4 85 64 C2 00 00 A0 41 
0C 00 15 00 00 00 
0C 00 15 00 00 00 0F 00 31 32 37 2E 30 2E 30 2E 31 3A 36 30 38 31 38 00 00 A0 41 
03 00 21 00 00 00 
0C 00 15 00 00 00 
03 00 21 00 00 00 00 00 00 00 07 00 00 00 00 A8 EE CE BE 00 00 00 00 00 00 00 00 00 00 00 00 00 00 00 00 00 00 00 00 
0C 00 15 00 00 00 0F 00 31 32 37 2E 30 2E 30 2E 31 3A 36 30 38 31 38 00 00 A0 41 
0C 00 15 00 00 00 
0C 00 15 00 00 00 0F 00 31 32 37 2E 30 2E 30 2E 31 3A 36 30 38 31 38 00 00 A0 41 
03 00 21 00 00 00 
03 00 21 00 00 00 00 00 00 00 07 00 00 00 00 A8 EE CE BE 00 00 00 00 00 00 00 00 00 00 00 00 00 00 00 00 00 00 00 00 
03 00 21 00 00 00 
03 00 21 00 00 00 00 00 00 00 07 00 00 00 00 A8 EE CE BE 00 00 00 00 00 00 00 00 00 00 00 00 00 00 00 00 00 00 00 00 
03 00 21 00 00 00 
03 00 21 00 00 00 00 00 00 00 07 00 00 00 00 A8 EE CE BE 00 00 00 00 00 00 00 00 00 00 00 00 00 00 00 00 00 00 00 00 
03 00 21 00 00 00 
03 00 21 00 00 00 00 00 00 00 07 00 00 00 00 A8 EE CE BE 00 00 00 00 00 00 00 00 00 00 00 00 00 00 00 00 00 00 00 00 
03 00 21 00 00 00 
03 00 21 00 00 00 00 00 00 00 07 00 00 00 00 A8 EE CE BE 00 00 00 00 00 00 00 00 00 00 00 00 00 00 00 00 00 00 00 00 
03 00 21 00 00 00 
03 00 21 00 00 00 00 00 00 00 07 00 00 00 00 A8 EE CE BE 00 00 00 00 00 00 00 00 00 00 00 00 00 00 00 00 00 00 00 00 
03 00 21 00 00 00 
03 00 21 00 00 00 00 00 00 00 07 00 00 00 00 A8 EE CE BE 00 00 00 00 00 00 00 00 00 00 00 00 00 00 00 00 00 00 00 00 
03 00 21 00 00 00 
03 00 21 00 00 00 00 00 00 00 07 00 00 00 00 A8 EE CE BE 00 00 00 00 00 00 00 00 00 00 00 00 00 00 00 00 00 00 00 00 
03 00 21 00 00 00 
03 00 21 00 00 00 00 00 00 00 07 00 00 00 00 A8 EE CE BE 00 00 00 00 32 33 97 41 00 00 00 00 00 00 00 00 00 00 00 00 
03 00 21 00 00 00 
03 00 21 00 00 00 00 00 00 00 07 00 00 00 00 A8 EE CE BE 00 00 00 00 CC CC 62 42 00 00 00 00 00 00 00 00 00 00 00 00 
03 00 21 00 00 00 
03 00 21 00 00 00 00 00 00 00 07 00 00 00 00 A8 EE CE BE 00 00 00 00 CE 4C E7 42 00 00 00 00 00 00 00 00 00 00 00 00 
03 00 21 00 00 00 
03 00 21 00 00 00 00 00 00 00 07 00 00 00 00 A8 EE CE BE 00 00 00 00 67 E6 07 43 00 00 00 00 00 00 00 00 00 00 00 00 
03 00 21 00 00 00 
03 00 21 00 00 00 00 00 00 00 07 00 00 00 00 A8 EE CE BE 00 00 00 00 CD 8C 21 43 00 00 00 00 00 00 00 00 00 00 00 00 
03 00 21 00 00 00 
03 00 21 00 00 00 00 00 00 00 07 00 00 00 00 A8 EE CE BE 00 00 00 00 CC 0C 26 43 00 00 00 00 00 00 00 00 00 00 00 00 
03 00 21 00 00 00 
03 00 21 00 00 00 00 00 00 00 07 08 7E 9A 40 94 D6 A9 3E 43 8D D9 40 FC BF 04 43 00 00 00 00 00 00 00 00 00 00 00 00 
03 00 21 00 00 00 
03 00 21 00 00 00 03 00 00 00 07 6D FA E4 3D A4 EE CE BE B4 C3 F2 39 CD CC 35 43 A5 50 1B 40 00 00 C8 B6 0B 31 9C BD 
03 00 21 00 00 00 
03 00 21 00 00 00 00 00 00 00 07 08 7E 9A 40 94 D6 A9 3E 43 8D D9 40 FC BF 04 43 00 00 00 00 00 00 00 00 00 00 00 00 
03 00 21 00 00 00 
03 00 21 00 00 00 02 00 00 00 07 16 AF 0F 3F 9C EE CE BE 50 1F 16 3E CD CC 35 43 81 08 A6 40 00 00 16 37 2B AA 3E 40 
03 00 21 00 00 00 
03 00 21 00 00 00 00 00 00 00 07 08 7E 9A 40 94 D6 A9 3E 43 8D D9 40 FC BF 04 43 00 00 00 00 00 00 00 00 00 00 00 00 
03 00 21 00 00 00 
03 00 21 00 00 00 02 00 00 00 07 B8 35 05 3F 9A EE CE BE D2 46 33 3F CD 0C 02 43 A9 FF AA C0 00 00 00 00 83 E1 AF 40 
03 00 21 00 00 00 
03 00 21 00 00 00 00 00 00 00 07 08 7E 9A 40 94 D6 A9 3E 43 8D D9 40 FC BF 04 43 00 00 00 00 00 00 00 00 00 00 00 00 
03 00 21 00 00 00 
03 00 21 00 00 00 04 00 00 00 07 0E E9 34 BE 9C EE CE BE 96 35 0B 3F CC CC 91 42 AA BE 80 C0 00 00 00 00 6D CD C5 C0 
03 00 21 00 00 00 
03 00 21 00 00 00 00 00 00 00 07 08 7E 9A 40 94 D6 A9 3E 43 8D D9 40 FC BF 04 43 00 00 00 00 00 00 00 00 00 00 00 00 
03 00 21 00 00 00 
03 00 21 00 00 00 02 00 00 00 07 A8 21 FF BD A4 EE CE BE 2B 33 7C BE FC FF 57 42 8D 71 2D 40 00 00 48 B6 0A 2C 10 C1 
03 00 21 00 00 00 
03 00 21 00 00 00 00 00 00 00 07 08 7E 9A 40 94 D6 A9 3E 43 8D D9 40 FC BF 04 43 00 00 00 00 00 00 00 00 00 00 00 00 
03 00 21 00 00 00 
03 00 21 00 00 00 02 00 00 00 07 2F C4 99 3D A8 EE CE BE FF 3D A1 BF 31 33 0E 42 2F 48 84 3F 00 00 48 B6 ED 2C 1F C1 
03 00 21 00 00 00 
03 00 21 00 00 00 00 00 00 00 07 08 7E 9A 40 94 D6 A9 3E 43 8D D9 40 FC BF 04 43 00 00 00 00 00 00 00 00 00 00 00 00 
03 00 21 00 00 00 
03 00 21 00 00 00 03 00 00 00 07 33 76 A6 BE A8 EE CE BE 7A E2 F5 BF C5 CC F4 41 0D 64 AD C0 00 00 C8 36 8C FE 86 C0 
03 00 21 00 00 00 
03 00 21 00 00 00 00 00 00 00 07 08 7E 9A 40 94 D6 A9 3E 43 8D D9 40 FC BF 04 43 00 00 00 00 00 00 00 00 00 00 00 00 
03 00 21 00 00 00 
03 00 21 00 00 00 03 00 00 00 07 20 7C 74 BF A8 EE CE BE 6E FC FF BF 2B 33 F1 41 C5 F9 DB C0 00 00 00 00 40 C4 B9 3F 
03 00 21 00 00 00 
03 00 21 00 00 00 00 00 00 00 07 08 7E 9A 40 94 D6 A9 3E 43 8D D9 40 FC BF 04 43 00 00 00 00 00 00 00 00 00 00 00 00 
03 00 21 00 00 00 
03 00 21 00 00 00 01 00 00 00 07 C3 A0 DF BF A6 EE CE BE F4 DC C2 BF 2B 33 F1 41 EC 49 09 C1 00 00 00 00 4C 33 DD 40 
03 00 21 00 00 00 
03 00 21 00 00 00 00 00 00 00 07 08 7E 9A 40 94 D6 A9 3E 43 8D D9 40 FC BF 04 43 00 00 00 00 00 00 00 00 00 00 00 00 
03 00 21 00 00 00 
03 00 21 00 00 00 
03 00 21 00 00 00 01 00 00 00 07 A1 47 27 C0 A8 EE CE BE CE F6 F0 BE 97 99 01 42 5D 17 E5 C0 00 00 C8 B6 E1 44 43 41 
03 00 21 00 00 00 00 00 00 00 07 08 7E 9A 40 94 D6 A9 3E 43 8D D9 40 FC BF 04 43 00 00 00 00 00 00 00 00 00 00 00 00 
03 00 21 00 00 00 
03 00 21 00 00 00 01 00 00 00 07 9F 2F 3E C0 9E EE CE BE BF 9C 53 3F C9 CC 23 42 F8 46 3B BF 00 00 C8 36 A0 7B 57 41 
03 00 21 00 00 00 
03 00 21 00 00 00 00 00 00 00 07 08 7E 9A 40 94 D6 A9 3E 43 8D D9 40 FC BF 04 43 00 00 00 00 00 00 00 00 00 00 00 00 
03 00 21 00 00 00 
03 00 21 00 00 00 01 00 00 00 07 CB 6E 23 C0 96 EE CE BE 38 33 0B 40 C9 CC 3E 42 CF 90 D6 40 00 00 00 00 0F 2C 53 41 
03 00 21 00 00 00 
03 00 21 00 00 00 00 00 00 00 07 08 7E 9A 40 94 D6 A9 3E 43 8D D9 40 FC BF 04 43 00 00 00 00 00 00 00 00 00 00 00 00 
03 00 21 00 00 00 
03 00 21 00 00 00 01 00 00 00 07 D3 D1 CE BF 8E EE CE BE 2D D4 4E 40 62 66 4B 42 C3 2F 2C 41 00 00 C8 36 A4 4B 0F 41 
03 00 21 00 00 00 
03 00 21 00 00 00 00 00 00 00 07 08 7E 9A 40 94 D6 A9 3E 43 8D D9 40 FC BF 04 43 00 00 00 00 00 00 00 00 00 00 00 00 
03 00 21 00 00 00 
03 00 21 00 00 00 01 00 00 00 07 66 F2 05 BF 8A EE CE BE 85 6C 83 40 98 99 52 42 A5 FE 30 41 00 00 C8 36 88 4A 09 41 
03 00 21 00 00 00 
03 00 21 00 00 00 00 00 00 00 07 08 7E 9A 40 94 D6 A9 3E 43 8D D9 40 FC BF 04 43 00 00 00 00 00 00 00 00 00 00 00 00 
03 00 21 00 00 00 
03 00 21 00 00 00 01 00 00 00 07 61 57 1A 3F 8C EE CE BE 60 0A 9E 40 32 33 56 42 1C 2E 34 41 00 00 00 00 3D 15 05 41 
03 00 21 00 00 00 
03 00 21 00 00 00 00 00 00 00 07 08 7E 9A 40 94 D6 A9 3E 43 8D D9 40 FC BF 04 43 00 00 00 00 00 00 00 00 00 00 00 00 
03 00 21 00 00 00 
03 00 21 00 00 00 01 00 00 00 07 94 50 DD 3F 88 EE CE BE 3C A8 B8 40 32 33 56 42 20 2E 34 41 00 00 48 B6 56 15 05 41 
03 00 21 00 00 00 
03 00 21 00 00 00 00 00 00 00 07 08 7E 9A 40 94 D6 A9 3E 43 8D D9 40 FC BF 04 43 00 00 00 00 00 00 00 00 00 00 00 00 
03 00 21 00 00 00 
03 00 21 00 00 00 01 00 00 00 07 B1 8F 36 40 7C EE CE BE FD 62 D3 40 CA CC 50 42 14 21 33 41 00 00 00 00 91 7E 06 41 
03 00 21 00 00 00 
03 00 21 00 00 00 00 00 00 00 07 08 7E 9A 40 94 D6 A9 3E 43 8D D9 40 FC BF 04 43 00 00 00 00 00 00 00 00 00 00 00 00 
03 00 21 00 00 00 
03 00 21 00 00 00 01 00 00 00 07 F3 5B 7D 40 D8 53 71 3E 4C D8 EE 40 CA CC 50 42 A5 FE 30 41 C8 27 14 41 95 4A 09 41 
03 00 21 00 00 00 
03 00 21 00 00 00 00 00 00 00 07 08 7E 9A 40 94 D6 A9 3E 43 8D D9 40 FC BF 04 43 00 00 00 00 00 00 00 00 00 00 00 00 
03 00 21 00 00 00 
03 00 21 00 00 00 01 00 00 00 07 2C DC A1 40 64 CC 94 3F 1B 4A 05 41 62 66 4B 42 05 B6 2D 41 1A 8E 14 41 4C 6C 0D 41 
03 00 21 00 00 00 
03 00 21 00 00 00 00 00 00 00 07 08 7E 9A 40 94 D6 A9 3E 43 8D D9 40 FC BF 04 43 00 00 00 00 00 00 00 00 00 00 00 00 
03 00 21 00 00 00 
03 00 21 00 00 00 01 00 00 00 07 16 8B BF 40 25 19 07 40 70 A3 16 41 FB FF 57 42 1A 7E 0A 41 0C CB 19 41 A6 C0 3B 41 
03 00 21 00 00 00 
03 00 21 00 00 00 00 00 00 00 07 08 7E 9A 40 94 D6 A9 3E 43 8D D9 40 FC BF 04 43 00 00 00 00 00 00 00 00 00 00 00 00 
03 00 21 00 00 00 
03 00 21 00 00 00 01 00 00 00 07 BD 9F DD 40 04 F3 44 40 50 66 28 41 31 33 68 42 FE 33 25 41 6F EE 17 41 D2 17 1D 41 
03 00 21 00 00 00 
03 00 21 00 00 00 00 00 00 00 07 08 7E 9A 40 94 D6 A9 3E 43 8D D9 40 FC BF 04 43 00 00 00 00 00 00 00 00 00 00 00 00 
03 00 21 00 00 00 
03 00 21 00 00 00 
03 00 21 00 00 00 01 00 00 00 07 2B C3 01 41 26 2B 7F 40 23 53 34 41 FE FF 72 42 6C 70 43 41 0B BA 0F 41 10 E7 DA 40 
03 00 21 00 00 00 00 00 00 00 07 08 7E 9A 40 94 D6 A9 3E 43 8D D9 40 FC BF 04 43 00 00 00 00 00 00 00 00 00 00 00 00 
03 00 21 00 00 00 
03 00 21 00 00 00 01 00 00 00 07 69 4E 15 41 5E 54 9C 40 16 45 3F 41 CB CC 74 42 6C 70 43 41 C0 B9 0F 41 AC E6 DA 40 
03 00 21 00 00 00 
03 00 21 00 00 00 00 00 00 00 07 08 7E 9A 40 94 D6 A9 3E 43 8D D9 40 FC BF 04 43 00 00 00 00 00 00 00 00 00 00 00 00 
0E 00 15 00 00 00 
0E 00 15 00 00 00 0F 00 31 32 37 2E 30 2E 30 2E 31 3A 36 30 38 31 38 00 00 C8 42 
03 00 21 00 00 00 
03 00 21 00 00 00 01 00 00 00 07 21 EB 28 41 EF 05 B9 40 88 17 4A 41 31 33 71 42 3A 70 43 41 C0 B9 0F 41 AC E6 DA 40 
03 00 21 00 00 00 
03 00 21 00 00 00 00 00 00 00 07 08 7E 9A 40 94 D6 A9 3E 43 8D D9 40 FC BF 04 43 00 00 00 00 00 00 00 00 00 00 00 00 
0E 00 15 00 00 00 
0E 00 15 00 00 00 0F 00 31 32 37 2E 30 2E 30 2E 31 3A 36 30 38 31 38 00 00 C8 42 
0E 00 15 00 00 00 
0E 00 15 00 00 00 0F 00 31 32 37 2E 30 2E 30 2E 31 3A 36 30 38 31 38 00 00 C8 42 
0E 00 15 00 00 00 
0E 00 15 00 00 00 0F 00 31 32 37 2E 30 2E 30 2E 31 3A 36 30 38 31 38 00 00 C8 42 
03 00 21 00 00 00 
03 00 21 00 00 00 01 00 00 00 07 00 00 00 00 00 00 40 40 00 00 00 00 34 33 56 42 62 38 35 41 7F 7E 13 41 0E AA 03 41 
03 00 21 00 00 00 
03 00 21 00 00 00 00 00 00 00 07 08 7E 9A 40 94 D6 A9 3E 43 8D D9 40 FC BF 04 43 00 00 00 00 00 00 00 00 00 00 00 00 
0E 00 15 00 00 00 
0E 00 15 00 00 00 0F 00 31 32 37 2E 30 2E 30 2E 31 3A 36 30 38 31 38 00 00 C8 42 
03 00 21 00 00 00 
03 00 21 00 00 00 01 00 00 00 07 44 B8 4C 41 6E E9 F3 40 65 C0 64 41 32 33 32 42 84 24 1D 41 20 54 15 41 A0 A1 1F 41 
03 00 21 00 00 00 
03 00 21 00 00 00 00 00 00 00 07 08 7E 9A 40 94 D6 A9 3E 43 8D D9 40 FC BF 04 43 00 00 00 00 00 00 00 00 00 00 00 00 
0E 00 15 00 00 00 
0E 00 15 00 00 00 0F 00 31 32 37 2E 30 2E 30 2E 31 3A 36 30 38 31 38 00 00 C8 42 
0E 00 15 00 00 00 
0E 00 15 00 00 00 0F 00 31 32 37 2E 30 2E 30 2E 31 3A 36 30 38 31 38 00 00 C8 42 
03 00 21 00 00 00 
03 00 21 00 00 00 01 00 00 00 07 61 3B 5C 41 07 55 08 41 19 E9 74 41 96 99 2E 42 A4 9D 1A 41 60 33 F3 40 62 14 22 41 
03 00 21 00 00 00 
0E 00 15 00 00 00 
03 00 21 00 00 00 00 00 00 00 07 08 7E 9A 40 94 D6 A9 3E 43 8D D9 40 FC BF 04 43 00 00 00 00 00 00 00 00 00 00 00 00 
0E 00 15 00 00 00 0F 00 31 32 37 2E 30 2E 30 2E 31 3A 36 30 38 31 38 00 00 C8 42 
03 00 21 00 00 00 
03 00 21 00 00 00 
03 00 21 00 00 00 01 00 00 00 07 2B D8 6B 41 77 92 12 41 43 7C 82 41 98 99 37 42 A0 A1 1F 41 00 33 B3 40 84 24 1D 41 
03 00 21 00 00 00 00 00 00 00 07 08 7E 9A 40 94 D6 A9 3E 43 8D D9 40 FC BF 04 43 00 00 00 00 00 00 00 00 00 00 00 00 
03 00 21 00 00 00 
03 00 21 00 00 00 01 00 00 00 07 EB 00 7C 41 B4 9C 19 41 D8 3D 8A 41 64 66 39 42 30 14 22 41 08 66 66 40 A4 9D 1A 41 
03 00 21 00 00 00 
03 00 21 00 00 00 00 00 00 00 07 08 7E 9A 40 94 D6 A9 3E 43 8D D9 40 FC BF 04 43 00 00 00 00 00 00 00 00 00 00 00 00 
03 00 21 00 00 00 
03 00 21 00 00 00 00 00 00 00 07 56 05 86 41 BF 73 1D 41 31 E4 91 41 64 66 39 42 F8 95 19 41 B0 CD CC 3F D0 83 12 41 
03 00 21 00 00 00 
03 00 21 00 00 00 00 00 00 00 07 08 7E 9A 40 94 D6 A9 3E 43 8D D9 40 FC BF 04 43 00 00 00 00 00 00 00 00 00 00 00 00 
03 00 21 00 00 00 
03 00 21 00 00 00 00 00 00 00 07 C5 29 8C 41 95 17 1E 41 38 C0 97 41 64 66 39 42 18 99 CB 40 40 CF CC BE 18 39 C2 40 
03 00 21 00 00 00 
03 00 21 00 00 00 00 00 00 00 07 08 7E 9A 40 94 D6 A9 3E 43 8D D9 40 FC BF 04 43 00 00 00 00 00 00 00 00 00 00 00 00 
03 00 21 00 00 00 
03 00 21 00 00 00 00 00 00 00 07 99 F4 8F 41 AA 23 1C 41 57 5E 9B 41 64 66 39 42 10 67 67 40 60 A6 00 BF F0 BE 5C 40 
03 00 21 00 00 00 
03 00 21 00 00 00 00 00 00 00 07 08 7E 9A 40 94 D6 A9 3E 43 8D D9 40 FC BF 04 43 00 00 00 00 00 00 00 00 00 00 00 00 
03 00 21 00 00 00 
03 00 21 00 00 00 00 00 00 00 07 7E 4B 91 41 AA 23 1C 41 73 A5 9C 41 64 66 39 42 40 00 17 3F 00 00 00 00 00 0B 10 3F 
03 00 21 00 00 00 
03 00 21 00 00 00 00 00 00 00 07 08 7E 9A 40 94 D6 A9 3E 43 8D D9 40 FC BF 04 43 00 00 00 00 00 00 00 00 00 00 00 00 
03 00 21 00 00 00 
03 00 21 00 00 00 00 00 00 00 07 7E 4B 91 41 AA 23 1C 41 73 A5 9C 41 32 33 3B 42 00 00 00 00 00 00 00 00 00 00 00 00 
03 00 21 00 00 00 
03 00 21 00 00 00 00 00 00 00 07 08 7E 9A 40 94 D6 A9 3E 43 8D D9 40 FC BF 04 43 00 00 00 00 00 00 00 00 00 00 00 00 
03 00 21 00 00 00 
03 00 21 00 00 00 02 00 00 00 07 D7 2D 90 41 4C 23 1C 41 33 99 9B 41 CD CC 35 42 60 71 26 C0 00 E0 92 BB 10 4E 1C C0 
03 00 21 00 00 00 
03 00 21 00 00 00 00 00 00 00 07 08 7E 9A 40 94 D6 A9 3E 43 8D D9 40 FC BF 04 43 00 00 00 00 00 00 00 00 00 00 00 00 
03 00 21 00 00 00 
03 00 21 00 00 00 02 00 00 00 07 D0 0A 8E 41 AB 23 1C 41 EF 79 97 41 69 66 66 40 A0 18 A1 BF 00 00 48 38 C0 F7 F1 C0 
03 00 21 00 00 00 
03 00 21 00 00 00 00 00 00 00 07 08 7E 9A 40 94 D6 A9 3E 43 8D D9 40 FC BF 04 43 00 00 00 00 00 00 00 00 00 00 00 00 
03 00 21 00 00 00 
03 00 21 00 00 00 00 00 00 00 07 F9 AA 90 41 AA 23 1C 41 EB D1 91 41 CE EC 9B 43 70 F3 9B 40 00 00 00 00 60 C4 94 C0 
03 00 21 00 00 00 
03 00 21 00 00 00 00 00 00 00 07 08 7E 9A 40 94 D6 A9 3E 43 8D D9 40 FC BF 04 43 00 00 00 00 00 00 00 00 00 00 00 00 
03 00 21 00 00 00 
03 00 21 00 00 00 00 00 00 00 07 7C 37 93 41 AA 23 1C 41 BD C0 8F 41 35 53 98 43 70 13 06 40 00 00 00 00 00 D3 C2 BF 
03 00 21 00 00 00 
03 00 21 00 00 00 00 00 00 00 07 08 7E 9A 40 94 D6 A9 3E 43 8D D9 40 FC BF 04 43 00 00 00 00 00 00 00 00 00 00 00 00 
03 00 21 00 00 00 
03 00 21 00 00 00 00 00 00 00 07 A2 8B 93 41 AA 23 1C 41 20 8B 8F 41 CE CC 91 43 00 00 00 00 00 00 00 00 00 00 00 00 
03 00 21 00 00 00 
03 00 21 00 00 00 00 00 00 00 07 08 7E 9A 40 94 D6 A9 3E 43 8D D9 40 FC BF 04 43 00 00 00 00 00 00 00 00 00 00 00 00 
03 00 21 00 00 00 
03 00 21 00 00 00 01 00 00 00 07 AC A5 92 41 AA 23 1C 41 20 B3 8C 41 CD EC 89 43 A0 04 E7 BF 00 00 00 00 28 1D 97 C0 
03 00 21 00 00 00 
03 00 21 00 00 00 00 00 00 00 07 08 7E 9A 40 94 D6 A9 3E 43 8D D9 40 FC BF 04 43 00 00 00 00 00 00 00 00 00 00 00 00 
03 00 21 00 00 00 
03 00 21 00 00 00 01 00 00 00 07 C2 A3 90 41 99 FF 1B 41 29 46 89 41 CC 0C 82 43 D8 F7 84 C0 00 54 3A BD 48 18 90 C0 
03 00 21 00 00 00 
03 00 21 00 00 00 00 00 00 00 07 08 7E 9A 40 94 D6 A9 3E 43 8D D9 40 FC BF 04 43 00 00 00 00 00 00 00 00 00 00 00 00 
03 00 21 00 00 00 
03 00 21 00 00 00 00 00 00 00 07 9F 0E 8C 41 AA 23 1C 41 DF 41 87 41 65 06 80 43 60 E7 A3 C0 00 00 48 B8 C0 65 9D BF 
03 00 21 00 00 00 
03 00 21 00 00 00 00 00 00 00 07 08 7E 9A 40 94 D6 A9 3E 43 8D D9 40 FC BF 04 43 00 00 00 00 00 00 00 00 00 00 00 00 
03 00 21 00 00 00 
03 00 21 00 00 00 00 00 00 00 07 25 DD 89 41 AA 23 1C 41 AA A1 86 41 FE BF 79 43 00 59 67 BF 00 00 00 00 00 B4 AA BE 
03 00 21 00 00 00 
03 00 21 00 00 00 00 00 00 00 07 08 7E 9A 40 94 D6 A9 3E 43 8D D9 40 FC BF 04 43 00 00 00 00 00 00 00 00 00 00 00 00 
03 00 21 00 00 00 
03 00 21 00 00 00 00 00 00 00 07 D2 C9 89 41 AA 23 1C 41 88 9A 86 41 FE BF 79 43 00 00 00 00 00 00 00 00 00 00 00 00 
03 00 21 00 00 00 
03 00 21 00 00 00 00 00 00 00 07 08 7E 9A 40 94 D6 A9 3E 43 8D D9 40 FC BF 04 43 00 00 00 00 00 00 00 00 00 00 00 00 
03 00 21 00 00 00 
03 00 21 00 00 00 01 00 00 00 07 F5 DF 86 41 AA 23 1C 41 85 BC 87 41 66 A6 71 43 A0 D0 AC C0 00 00 00 00 C0 BF F2 3F 
03 00 21 00 00 00 
03 00 21 00 00 00 00 00 00 00 07 08 7E 9A 40 94 D6 A9 3E 43 8D D9 40 FC BF 04 43 00 00 00 00 00 00 00 00 00 00 00 00 
03 00 21 00 00 00 
03 00 21 00 00 00 01 00 00 00 07 AA 3F 7F 41 BB 23 0F 41 41 55 89 41 32 F3 6E 43 D4 F7 2B C1 2E 33 F3 C1 C0 DF 75 3F 
03 00 21 00 00 00 
03 00 21 00 00 00 00 00 00 00 07 08 7E 9A 40 94 D6 A9 3E 43 8D D9 40 FC BF 04 43 00 00 00 00 00 00 00 00 00 00 00 00 
03 00 21 00 00 00 
03 00 21 00 00 00 01 00 00 00 07 53 EA 6C 41 46 D0 07 41 8A 9B 87 41 CC 0C 6E 43 B6 33 40 C1 00 00 00 00 38 5C 93 C0 
03 00 21 00 00 00 
03 00 21 00 00 00 00 00 00 00 07 08 7E 9A 40 94 D6 A9 3E 43 8D D9 40 FC BF 04 43 00 00 00 00 00 00 00 00 00 00 00 00 
03 00 21 00 00 00 
03 00 21 00 00 00 01 00 00 00 07 06 9D 59 41 46 D0 07 41 77 01 82 41 CC 0C 6E 43 D6 10 3E C1 00 00 00 00 A0 12 ED C0 
03 00 21 00 00 00 
03 00 21 00 00 00 00 00 00 00 07 08 7E 9A 40 94 D6 A9 3E 43 8D D9 40 FC BF 04 43 00 00 00 00 00 00 00 00 00 00 00 00 
03 00 21 00 00 00 
03 00 21 00 00 00 01 00 00 00 07 53 9B 46 41 F4 38 00 41 68 28 78 41 CC 0C 6E 43 08 11 3E C1 8A 07 11 C1 A0 12 ED C0 
03 00 21 00 00 00 
03 00 21 00 00 00 00 00 00 00 07 08 7E 9A 40 94 D6 A9 3E 43 8D D9 40 FC BF 04 43 00 00 00 00 00 00 00 00 00 00 00 00 
03 00 21 00 00 00 
03 00 21 00 00 00 00 00 00 00 07 A5 C8 36 41 9C A9 E7 40 F6 B1 6D 41 9A 59 6B 43 34 36 06 C1 A4 FD D5 C0 94 84 B9 C0 
03 00 21 00 00 00 
03 00 21 00 00 00 00 00 00 00 07 08 7E 9A 40 94 D6 A9 3E 43 8D D9 40 FC BF 04 43 00 00 00 00 00 00 00 00 00 00 00 00 
03 00 21 00 00 00 
03 00 21 00 00 00 00 00 00 00 07 B9 BA 2C 41 B2 A1 D7 40 03 BF 66 41 9A 59 6B 43 CC 96 A1 C0 52 D2 80 C0 40 5D 5F C0 
03 00 21 00 00 00 
03 00 21 00 00 00 00 00 00 00 07 08 7E 9A 40 94 D6 A9 3E 43 8D D9 40 FC BF 04 43 00 00 00 00 00 00 00 00 00 00 00 00 
03 00 21 00 00 00 
03 00 21 00 00 00 00 00 00 00 07 65 3F 28 41 5D 7C D0 40 0C A6 63 41 9A 59 6B 43 50 8A AC BF 48 8D 89 BF 20 7D 6E BF 
03 00 21 00 00 00 
03 00 21 00 00 00 00 00 00 00 07 08 7E 9A 40 94 D6 A9 3E 43 8D D9 40 FC BF 04 43 00 00 00 00 00 00 00 00 00 00 00 00 
03 00 21 00 00 00 
03 00 21 00 00 00 01 00 00 00 07 50 53 27 41 F4 03 CF 40 E1 02 63 41 68 E6 6A 43 00 BE A0 BF 40 26 80 BF 40 31 5E BF 
03 00 21 00 00 00 
03 00 21 00 00 00 00 00 00 00 07 08 7E 9A 40 94 D6 A9 3E 43 8D D9 40 FC BF 04 43 00 00 00 00 00 00 00 00 00 00 00 00 
03 00 21 00 00 00 
03 00 21 00 00 00 01 00 00 00 07 00 CC 21 41 B5 CB DF 40 E5 AC 5E 41 69 66 66 43 D0 3E 91 C0 E8 CC CC 40 50 50 70 C0 
03 00 21 00 00 00 
03 00 21 00 00 00 00 00 00 00 07 08 7E 9A 40 94 D6 A9 3E 43 8D D9 40 FC BF 04 43 00 00 00 00 00 00 00 00 00 00 00 00 
03 00 21 00 00 00 
03 00 21 00 00 00 01 00 00 00 07 39 C5 17 41 8C 6F F0 40 82 17 56 41 9D 99 64 43 08 BF EC C0 EC CC 8C 40 CC 6F CD C0 
03 00 21 00 00 00 
03 00 21 00 00 00 00 00 00 00 07 08 7E 9A 40 94 D6 A9 3E 43 8D D9 40 FC BF 04 43 00 00 00 00 00 00 00 00 00 00 00 00 
03 00 21 00 00 00 
03 00 21 00 00 00 01 00 00 00 07 C7 76 08 41 FC AC FA 40 B1 AF 48 41 9E 19 60 43 1C C7 2D C1 E0 99 19 40 60 01 0F C1 
03 00 21 00 00 00 
03 00 21 00 00 00 00 00 00 00 07 08 7E 9A 40 94 D6 A9 3E 43 8D D9 40 FC BF 04 43 00 00 00 00 00 00 00 00 00 00 00 00 
03 00 21 00 00 00 
03 00 21 00 00 00 04 00 00 00 07 AD F3 ED 40 06 84 FE 40 1C C2 3C 41 38 F3 53 43 17 E4 29 C1 40 CF CC 3E 28 BB D0 C0 
03 00 21 00 00 00 
03 00 21 00 00 00 00 00 00 00 07 08 7E 9A 40 94 D6 A9 3E 43 8D D9 40 FC BF 04 43 00 00 00 00 00 00 00 00 00 00 00 00 
03 00 21 00 00 00 
03 00 21 00 00 00 04 00 00 00 07 F8 2A CB 40 AA F4 FB 40 2C 9F 35 41 05 00 46 43 28 EC 33 C1 20 CC CC BF 58 14 5E C0 
03 00 21 00 00 00 
03 00 21 00 00 00 00 00 00 00 07 08 7E 9A 40 94 D6 A9 3E 43 8D D9 40 FC BF 04 43 00 00 00 00 00 00 00 00 00 00 00 00 
03 00 21 00 00 00 
03 00 21 00 00 00 04 00 00 00 07 DC 7F A2 40 E6 FE F2 40 DF BE 31 41 05 00 34 43 AF F2 5A C1 D0 66 66 C0 B0 F5 0B C0 
03 00 21 00 00 00 
03 00 21 00 00 00 00 00 00 00 07 08 7E 9A 40 94 D6 A9 3E 43 8D D9 40 FC BF 04 43 00 00 00 00 00 00 00 00 00 00 00 00 
03 00 21 00 00 00 
03 00 21 00 00 00 04 00 00 00 07 41 37 6D 40 BE A2 E3 40 B2 12 2D 41 06 00 22 43 92 0F 58 C1 00 33 B3 C0 90 6E 6C C0 
03 00 21 00 00 00 
03 00 21 00 00 00 00 00 00 00 07 08 7E 9A 40 94 D6 A9 3E 43 8D D9 40 FC BF 04 43 00 00 00 00 00 00 00 00 00 00 00 00 
03 00 21 00 00 00 
03 00 21 00 00 00 04 00 00 00 07 96 34 1C 40 2D E0 CD 40 81 BC 23 41 06 40 12 43 D9 FD 3E C1 60 33 F3 C0 D4 13 EA C0 
03 00 21 00 00 00 
03 00 21 00 00 00 00 00 00 00 07 08 7E 9A 40 94 D6 A9 3E 43 8D D9 40 FC BF 04 43 00 00 00 00 00 00 00 00 00 00 00 00 
03 00 21 00 00 00 
03 00 21 00 00 00 02 00 00 00 07 AC CC 9E 3F 37 B7 B1 40 80 9E 17 41 D3 8C 06 43 9F 2F 46 C1 AE 99 19 C1 E0 31 ED C0 
03 00 21 00 00 00 
03 00 21 00 00 00 00 00 00 00 07 08 7E 9A 40 94 D6 A9 3E 43 8D D9 40 FC BF 04 43 00 00 00 00 00 00 00 00 00 00 00 00 
03 00 21 00 00 00 
03 00 21 00 00 00 02 00 00 00 07 FE E6 0A BE DC 27 8F 40 EC 9F 0C 41 A6 99 F6 42 86 EF 67 C1 93 99 39 C1 1C DB E4 C0 
03 00 21 00 00 00 
03 00 21 00 00 00 00 00 00 00 07 08 7E 9A 40 94 D6 A9 3E 43 8D D9 40 FC BF 04 43 00 00 00 00 00 00 00 00 00 00 00 00 
03 00 21 00 00 00 
03 00 21 00 00 00 02 00 00 00 07 A8 8A DB BF 34 64 4C 40 78 A7 00 41 D8 4C DE 42 6A F4 84 C1 91 99 59 C1 E0 F8 05 C1 
03 00 21 00 00 00 
03 00 21 00 00 00 00 00 00 00 07 08 7E 9A 40 94 D6 A9 3E 43 8D D9 40 FC BF 04 43 00 00 00 00 00 00 00 00 00 00 00 00 
03 00 21 00 00 00 
03 00 21 00 00 00 02 00 00 00 07 C8 98 59 C0 C6 57 DB 3F EF 10 E9 40 A5 19 CE 42 8F 1E 84 C1 8F 99 79 C1 54 62 DF C0 
03 00 21 00 00 00 
03 00 21 00 00 00 00 00 00 00 07 08 7E 9A 40 94 D6 A9 3E 43 8D D9 40 FC BF 04 43 00 00 00 00 00 00 00 00 00 00 00 00 
03 00 21 00 00 00 
03 00 21 00 00 00 
03 00 21 00 00 00 00 00 00 00 07 08 7E 9A 40 94 D6 A9 3E 43 8D D9 40 FC BF 04 43 00 00 00 00 00 00 00 00 00 00 00 00 
03 00 21 00 00 00 02 00 00 00 07 1D 4B 9C C0 C0 B1 09 3D 99 F4 E1 40 3F 33 CD 42 D8 FF 56 C1 CA CC 8C C1 20 FE 81 40 
03 00 21 00 00 00 
03 00 21 00 00 00 02 00 00 00 07 C9 52 C5 C0 88 EE CE BE 17 F6 F6 40 72 E6 CF 42 8B 76 46 C1 00 00 48 36 7F 35 02 41 
03 00 21 00 00 00 
03 00 21 00 00 00 00 00 00 00 07 08 7E 9A 40 94 D6 A9 3E 43 8D D9 40 FC BF 04 43 00 00 00 00 00 00 00 00 00 00 00 00 
03 00 21 00 00 00 
03 00 21 00 00 00 
03 00 21 00 00 00 00 00 00 00 07 AA 11 CB C0 8A EE CE BE 46 BD F3 40 D9 CC D0 42 60 58 D8 BF 00 00 48 36 60 58 D8 BF 
03 00 21 00 00 00 00 00 00 00 07 08 7E 9A 40 94 D6 A9 3E 43 8D D9 40 FC BF 04 43 00 00 00 00 00 00 00 00 00 00 00 00 
03 00 21 00 00 00 
03 00 21 00 00 00 00 00 00 00 07 8D DE D1 C0 88 EE CE BE 2C 15 ED 40 A5 19 E0 42 90 A1 0C C0 00 00 48 36 B8 40 09 C0 
03 00 21 00 00 00 
03 00 21 00 00 00 00 00 00 00 07 08 7E 9A 40 94 D6 A9 3E 43 8D D9 40 FC BF 04 43 00 00 00 00 00 00 00 00 00 00 00 00 
03 00 21 00 00 00 
03 00 21 00 00 00 
03 00 21 00 00 00 00 00 00 00 07 97 9F D2 C0 8A EE CE BE B4 65 EC 40 D3 0C 1D 43 48 AD 8C 3F 00 00 C8 B6 80 93 8C 3F 
03 00 21 00 00 00 00 00 00 00 07 08 7E 9A 40 94 D6 A9 3E 43 8D D9 40 FC BF 04 43 00 00 00 00 00 00 00 00 00 00 00 00 
03 00 21 00 00 00 
03 00 21 00 00 00 
03 00 21 00 00 00 00 00 00 00 07 49 D0 D0 C0 88 EE CE BE 27 1B EF 40 D3 4C 43 43 40 96 FB 3E 00 00 48 B6 60 67 FB 3E 
03 00 21 00 00 00 00 00 00 00 07 08 7E 9A 40 94 D6 A9 3E 43 8D D9 40 FC BF 04 43 00 00 00 00 00 00 00 00 00 00 00 00 
03 00 21 00 00 00 
03 00 21 00 00 00 
03 00 21 00 00 00 00 00 00 00 07 79 C6 D0 C0 8A EE CE BE 09 3F EF 40 D0 2C 83 43 00 00 00 00 00 00 00 00 00 00 00 00 
03 00 21 00 00 00 00 00 00 00 07 08 7E 9A 40 94 D6 A9 3E 43 8D D9 40 FC BF 04 43 00 00 00 00 00 00 00 00 00 00 00 00 
03 00 21 00 00 00 
03 00 21 00 00 00 03 00 00 00 07 D4 46 D4 C0 8A EE CE BE 1D A2 EA 40 6A 26 A5 43 FC 2B 25 C0 00 00 00 00 9C 78 06 C0 
03 00 21 00 00 00 
03 00 21 00 00 00 00 00 00 00 07 08 7E 9A 40 94 D6 A9 3E 43 8D D9 40 FC BF 04 43 00 00 00 00 00 00 00 00 00 00 00 00 
03 00 21 00 00 00 
03 00 21 00 00 00 03 00 00 00 07 E2 B2 E0 C0 8A EE CE BE DA 08 E0 40 9C B9 AF 43 34 A8 8C C0 00 00 00 00 34 A8 8C C0 
03 00 21 00 00 00 
03 00 21 00 00 00 00 00 00 00 07 08 7E 9A 40 94 D6 A9 3E 43 8D D9 40 FC BF 04 43 00 00 00 00 00 00 00 00 00 00 00 00 
03 00 21 00 00 00 
03 00 21 00 00 00 02 00 00 00 07 5B 08 F2 C0 8C EE CE BE 62 B3 CE 40 77 33 17 41 CE 88 C6 C0 00 00 00 00 CE 88 C6 C0 
03 00 21 00 00 00 
03 00 21 00 00 00 00 00 00 00 07 08 7E 9A 40 94 D6 A9 3E 43 8D D9 40 FC BF 04 43 00 00 00 00 00 00 00 00 00 00 00 00 
03 00 21 00 00 00 
03 00 21 00 00 00 
03 00 21 00 00 00 02 00 00 00 07 02 F7 01 C1 92 EE CE BE BA CD BC 40 DD CC 47 42 74 23 86 C0 00 00 16 B7 42 23 86 C0 
03 00 21 00 00 00 00 00 00 00 07 08 7E 9A 40 94 D6 A9 3E 43 8D D9 40 FC BF 04 43 00 00 00 00 00 00 00 00 00 00 00 00 
03 00 21 00 00 00 
03 00 21 00 00 00 00 00 00 00 07 88 76 04 C1 92 EE CE BE AE CE B7 40 3D B3 80 42 00 48 D5 BD 00 00 C8 B6 00 48 D5 BD 
03 00 21 00 00 00 
03 00 21 00 00 00 00 00 00 00 07 08 7E 9A 40 94 D6 A9 3E 43 8D D9 40 FC BF 04 43 00 00 00 00 00 00 00 00 00 00 00 00 
03 00 21 00 00 00 
03 00 21 00 00 00 
03 00 21 00 00 00 00 00 00 00 07 08 7E 9A 40 94 D6 A9 3E 43 8D D9 40 FC BF 04 43 00 00 00 00 00 00 00 00 00 00 00 00 
03 00 21 00 00 00 00 00 00 00 07 8D 0A 03 C1 94 EE CE BE A3 A6 BA 40 7A 66 5D 42 A0 51 56 3F 00 00 16 B7 10 50 56 3F 
03 00 21 00 00 00 
03 00 21 00 00 00 02 00 00 00 07 C1 DB 02 C1 8C EE CE BE 10 F1 B8 40 7B 66 4B 42 00 5B 6F BE 00 00 48 36 78 04 12 C0 
03 00 21 00 00 00 
03 00 21 00 00 00 00 00 00 00 07 08 7E 9A 40 94 D6 A9 3E 43 8D D9 40 FC BF 04 43 00 00 00 00 00 00 00 00 00 00 00 00 
03 00 21 00 00 00 
03 00 21 00 00 00 04 00 00 00 07 FC C7 FF C0 92 EE CE BE 69 6D AC 40 AE 99 49 42 18 BF 66 40 00 00 48 B6 26 76 8B C0 
03 00 21 00 00 00 
03 00 21 00 00 00 00 00 00 00 07 08 7E 9A 40 94 D6 A9 3E 43 8D D9 40 FC BF 04 43 00 00 00 00 00 00 00 00 00 00 00 00 
03 00 21 00 00 00 
03 00 21 00 00 00 04 00 00 00 07 D1 10 EE C0 92 EE CE BE 27 35 98 40 E2 CC 35 42 D0 CD D9 40 00 00 00 00 5E F0 E7 C0 
03 00 21 00 00 00 
03 00 21 00 00 00 00 00 00 00 07 08 7E 9A 40 94 D6 A9 3E 43 8D D9 40 FC BF 04 43 00 00 00 00 00 00 00 00 00 00 00 00 
03 00 21 00 00 00 
03 00 21 00 00 00 04 00 00 00 07 D8 CA D0 C0 94 EE CE BE 47 48 79 40 15 00 2B 42 F4 49 23 41 00 00 00 00 BC 56 19 C1 
03 00 21 00 00 00 
03 00 21 00 00 00 00 00 00 00 07 08 7E 9A 40 94 D6 A9 3E 43 8D D9 40 FC BF 04 43 00 00 00 00 00 00 00 00 00 00 00 00 
03 00 21 00 00 00 
03 00 21 00 00 00 04 00 00 00 07 F5 83 AF C0 96 EE CE BE 32 4B 3D 40 7C 66 27 42 23 DB 26 41 00 00 00 00 FC 72 15 C1 
03 00 21 00 00 00 
03 00 21 00 00 00 00 00 00 00 07 08 7E 9A 40 94 D6 A9 3E 43 8D D9 40 FC BF 04 43 00 00 00 00 00 00 00 00 00 00 00 00 
03 00 21 00 00 00 
03 00 21 00 00 00 04 00 00 00 07 EE 24 8E C0 9A EE CE BE 9A 83 01 40 7C 66 27 42 23 DB 26 41 00 00 00 00 FC 72 15 C1 
03 00 21 00 00 00 
03 00 21 00 00 00 00 00 00 00 07 08 7E 9A 40 94 D6 A9 3E 43 8D D9 40 FC BF 04 43 00 00 00 00 00 00 00 00 00 00 00 00 
03 00 21 00 00 00 
03 00 21 00 00 00 04 00 00 00 07 CC 8B 59 C0 9E EE CE BE 03 78 8B 3F 7C 66 27 42 23 DB 26 41 00 00 00 00 FC 72 15 C1 
03 00 21 00 00 00 
03 00 21 00 00 00 00 00 00 00 07 08 7E 9A 40 94 D6 A9 3E 43 8D D9 40 FC BF 04 43 00 00 00 00 00 00 00 00 00 00 00 00 
03 00 21 00 00 00 
03 00 21 00 00 00 00 00 00 00 07 5B 87 1F C0 A2 EE CE BE 18 28 8E 3E 7C 66 27 42 3F 41 FC 40 00 00 00 00 58 F0 E1 C0 
03 00 21 00 00 00 
03 00 21 00 00 00 00 00 00 00 07 08 7E 9A 40 94 D6 A9 3E 43 8D D9 40 FC BF 04 43 00 00 00 00 00 00 00 00 00 00 00 00 
03 00 21 00 00 00 
03 00 21 00 00 00 00 00 00 00 07 FE 3D F3 BF A6 EE CE BE B6 77 81 BE 7C 66 27 42 AB C4 94 40 00 00 48 B6 97 3F 85 C0 
03 00 21 00 00 00 
03 00 21 00 00 00 00 00 00 00 07 08 7E 9A 40 94 D6 A9 3E 43 8D D9 40 FC BF 04 43 00 00 00 00 00 00 00 00 00 00 00 00 
03 00 21 00 00 00 
03 00 21 00 00 00 00 00 00 00 07 7C 3F D0 BF A6 EE CE BE 71 D7 FE BE 7C 66 27 42 AC 4C B1 3F 00 00 00 00 B6 CD 9E BF 
03 00 21 00 00 00 
03 00 21 00 00 00 00 00 00 00 07 08 7E 9A 40 94 D6 A9 3E 43 8D D9 40 FC BF 04 43 00 00 00 00 00 00 00 00 00 00 00 00 
03 00 21 00 00 00 
03 00 21 00 00 00 00 00 00 00 07 F8 8A CD BF A8 EE CE BE 43 44 04 BF 7C 66 27 42 00 00 00 00 00 00 00 00 00 00 00 00 
03 00 21 00 00 00 
03 00 21 00 00 00 00 00 00 00 07 08 7E 9A 40 94 D6 A9 3E 43 8D D9 40 FC BF 04 43 00 00 00 00 00 00 00 00 00 00 00 00 
03 00 21 00 00 00 
03 00 21 00 00 00 01 00 00 00 07 07 AE C6 BF A6 EE CE BE 37 E2 E9 BE 7C 66 27 42 B0 6C BF 3F 00 00 48 36 80 B8 D5 3F 
03 00 21 00 00 00 
03 00 21 00 00 00 00 00 00 00 07 08 7E 9A 40 94 D6 A9 3E 43 8D D9 40 FC BF 04 43 00 00 00 00 00 00 00 00 00 00 00 00 
03 00 21 00 00 00 
03 00 21 00 00 00 01 00 00 00 07 62 AF 9E BF A4 EE CE BE 0D 16 DD BD 7C 66 27 42 05 A1 8B 40 00 00 48 36 56 E4 9B 40 
03 00 21 00 00 00 
03 00 21 00 00 00 00 00 00 00 07 08 7E 9A 40 94 D6 A9 3E 43 8D D9 40 FC BF 04 43 00 00 00 00 00 00 00 00 00 00 00 00 
03 00 21 00 00 00 
03 00 21 00 00 00 00 00 00 00 07 5F A4 3F BF A2 EE CE BE 02 79 E1 3E 7C 66 27 42 18 90 86 40 00 00 00 00 63 3C 96 40 
03 00 21 00 00 00 
03 00 21 00 00 00 00 00 00 00 07 08 7E 9A 40 94 D6 A9 3E 43 8D D9 40 FC BF 04 43 00 00 00 00 00 00 00 00 00 00 00 00 
03 00 21 00 00 00 
03 00 21 00 00 00 
03 00 21 00 00 00 00 00 00 00 07 08 7E 9A 40 94 D6 A9 3E 43 8D D9 40 FC BF 04 43 00 00 00 00 00 00 00 00 00 00 00 00 
03 00 21 00 00 00 00 00 00 00 07 39 FA 2B BF A2 EE CE BE 00 B1 06 3F 7C 66 27 42 00 00 00 00 00 00 00 00 00 00 00 00 
03 00 21 00 00 00 
00 00 00 00 00 00 
Ошибка сети, получен пакет некорректной длинны. Длинна 0, байт код: 00 00 00 00 00 00 
03 00 21 00 00 00 00 00 00 00 07 08 7E 9A 40 94 D6 A9 3E 43 8D D9 40 FC BF 04 43 00 00 00 00 00 00 00 00 00 00 00 00 
00 00 00 00 00 00 
Ошибка сети, получен пакет некорректной длинны. Длинна 0, байт код: 00 00 00 00 00 00 
03 00 21 00 00 00 
00 00 00 00 00 00 
Ошибка сети, количество байт не соответствует запрошенному значению. Запрошено байт: 0, получено: 6
03 00 21 00 00 00 00 00 00 00 07 08 7E 9A 40 94 D6 A9 3E 43 8D D9 40 FC BF 04 43 00 00 00 00 00 00 00 00 00 00 00 00 
00 00 00 00 00 00 00 00 00 00 00 00 
00 00 00 00 00 00 
Ошибка сети, получен пакет некорректной длинны. Длинна 0, байт код: 00 00 00 00 00 00 
03 00 21 00 00 00 
00 00 00 00 00 00 
00 00 00 00 00 00 
Ошибка сети, получен пакет некорректной длинны. Длинна 0, байт код: 00 00 00 00 00 00 
00 00 00 00 00 00 
Ошибка сети, получен пакет некорректной длинны. Длинна 0, байт код: 00 00 00 00 00 00 
03 00 21 00 00 00 00 00 00 00 07 08 7E 9A 40 94 D6 A9 3E 43 8D D9 40 FC BF 04 43 00 00 00 00 00 00 00 00 00 00 00 00 
00 00 00 00 00 00 
Ошибка сети, количество байт не соответствует запрошенному значению. Запрошено байт: 0, получено: 6
Fail to read header. Packet size: 0
Error: System.ObjectDisposedException: Cannot access a disposed object.
Object name: 'System.Net.Sockets.NetworkStream'.
  at System.Net.Sockets.NetworkStream.ReadAsync (System.Byte[] buffer, System.Int32 offset, System.Int32 size, System.Threading.CancellationToken cancellationToken) [0x0001b] in <4663fa2b329d4dfb93efb27413cffe64>:0 
  at System.IO.Stream.ReadAsync (System.Byte[] buffer, System.Int32 offset, System.Int32 count) [0x00009] in <1f66344f2f89470293d8b67d71308c07>:0 
  at (wrapper remoting-invoke-with-check) System.IO.Stream.ReadAsync(byte[],int,int)
  at Server.ReadHeaderCallback (System.Byte[] buffer, Server+ServerClient client) [0x00354] in C:\Unity Projects\UnityServerGameRep\Assets\Code\Server.cs:163 
00 00 00 00 00 00 00 00 00 00 00 00 
Ошибка сети, количество байт не соответствует запрошенному значению. Запрошено байт: 0, получено: 12
Fail to read header. Packet size: 0
Error: System.ObjectDisposedException: Cannot access a disposed object.
Object name: 'System.Net.Sockets.NetworkStream'.
  at System.Net.Sockets.NetworkStream.ReadAsync (System.Byte[] buffer, System.Int32 offset, System.Int32 size, System.Threading.CancellationToken cancellationToken) [0x0001b] in <4663fa2b329d4dfb93efb27413cffe64>:0 
  at System.IO.Stream.ReadAsync (System.Byte[] buffer, System.Int32 offset, System.Int32 count) [0x00009] in <1f66344f2f89470293d8b67d71308c07>:0 
  at (wrapper remoting-invoke-with-check) System.IO.Stream.ReadAsync(byte[],int,int)
  at Server.ReadHeaderCallback (System.Byte[] buffer, Server+ServerClient client) [0x00354] in C:\Unity Projects\UnityServerGameRep\Assets\Code\Server.cs:163 
00 00 00 00 00 00 00 00 00 00 00 00 00 00 00 00 00 00 
03 00 21 00 00 00 
00 00 00 00 00 00 
Ошибка сети, получен пакет некорректной длинны. Длинна 0, байт код: 00 00 00 00 00 00 
03 00 21 00 00 00 00 00 00 00 07 08 7E 9A 40 94 D6 A9 3E 43 8D D9 40 FC BF 04 43 00 00 00 00 00 00 00 00 00 00 00 00 
03 00 21 00 00 00 
03 00 21 00 00 00 00 00 00 00 07 08 7E 9A 40 94 D6 A9 3E 43 8D D9 40 FC BF 04 43 00 00 00 00 00 00 00 00 00 00 00 00 
03 00 21 00 00 00 
03 00 21 00 00 00 00 00 00 00 07 08 7E 9A 40 94 D6 A9 3E 43 8D D9 40 FC BF 04 43 00 00 00 00 00 00 00 00 00 00 00 00 
03 00 21 00 00 00 
03 00 21 00 00 00 00 00 00 00 07 08 7E 9A 40 94 D6 A9 3E 43 8D D9 40 FC BF 04 43 00 00 00 00 00 00 00 00 00 00 00 00 
03 00 21 00 00 00 
03 00 21 00 00 00 00 00 00 00 07 08 7E 9A 40 94 D6 A9 3E 43 8D D9 40 FC BF 04 43 00 00 00 00 00 00 00 00 00 00 00 00 
03 00 21 00 00 00 
03 00 21 00 00 00 00 00 00 00 07 08 7E 9A 40 94 D6 A9 3E 43 8D D9 40 FC BF 04 43 00 00 00 00 00 00 00 00 00 00 00 00 
03 00 21 00 00 00 
03 00 21 00 00 00 00 00 00 00 07 08 7E 9A 40 94 D6 A9 3E 43 8D D9 40 FC BF 04 43 00 00 00 00 00 00 00 00 00 00 00 00 
03 00 21 00 00 00 
03 00 21 00 00 00 00 00 00 00 07 08 7E 9A 40 94 D6 A9 3E 43 8D D9 40 FC BF 04 43 00 00 00 00 00 00 00 00 00 00 00 00 
03 00 21 00 00 00 
03 00 21 00 00 00 00 00 00 00 07 08 7E 9A 40 94 D6 A9 3E 43 8D D9 40 FC BF 04 43 00 00 00 00 00 00 00 00 00 00 00 00 
03 00 21 00 00 00 
03 00 21 00 00 00 00 00 00 00 07 08 7E 9A 40 94 D6 A9 3E 43 8D D9 40 FC BF 04 43 00 00 00 00 00 00 00 00 00 00 00 00 
03 00 21 00 00 00 
03 00 21 00 00 00 00 00 00 00 07 08 7E 9A 40 94 D6 A9 3E 43 8D D9 40 FC BF 04 43 00 00 00 00 00 00 00 00 00 00 00 00 
03 00 21 00 00 00 
03 00 21 00 00 00 00 00 00 00 07 08 7E 9A 40 94 D6 A9 3E 43 8D D9 40 FC BF 04 43 00 00 00 00 00 00 00 00 00 00 00 00 
03 00 21 00 00 00 
03 00 21 00 00 00 00 00 00 00 07 08 7E 9A 40 94 D6 A9 3E 43 8D D9 40 FC BF 04 43 00 00 00 00 00 00 00 00 00 00 00 00 
03 00 21 00 00 00 
03 00 21 00 00 00 00 00 00 00 07 08 7E 9A 40 94 D6 A9 3E 43 8D D9 40 FC BF 04 43 00 00 00 00 00 00 00 00 00 00 00 00 
03 00 21 00 00 00 
03 00 21 00 00 00 00 00 00 00 07 08 7E 9A 40 94 D6 A9 3E 43 8D D9 40 FC BF 04 43 00 00 00 00 00 00 00 00 00 00 00 00 
03 00 21 00 00 00 
03 00 21 00 00 00 00 00 00 00 07 08 7E 9A 40 94 D6 A9 3E 43 8D D9 40 FC BF 04 43 00 00 00 00 00 00 00 00 00 00 00 00 
03 00 21 00 00 00 
03 00 21 00 00 00 00 00 00 00 07 08 7E 9A 40 94 D6 A9 3E 43 8D D9 40 FC BF 04 43 00 00 00 00 00 00 00 00 00 00 00 00 
03 00 21 00 00 00 
03 00 21 00 00 00 00 00 00 00 07 08 7E 9A 40 94 D6 A9 3E 43 8D D9 40 FC BF 04 43 00 00 00 00 00 00 00 00 00 00 00 00 
03 00 21 00 00 00 
03 00 21 00 00 00 00 00 00 00 07 08 7E 9A 40 94 D6 A9 3E 43 8D D9 40 FC BF 04 43 00 00 00 00 00 00 00 00 00 00 00 00 
03 00 21 00 00 00 
03 00 21 00 00 00 00 00 00 00 07 08 7E 9A 40 94 D6 A9 3E 43 8D D9 40 FC BF 04 43 00 00 00 00 00 00 00 00 00 00 00 00 
03 00 21 00 00 00 
03 00 21 00 00 00 00 00 00 00 07 08 7E 9A 40 94 D6 A9 3E 43 8D D9 40 FC BF 04 43 00 00 00 00 00 00 00 00 00 00 00 00 
03 00 21 00 00 00 
03 00 21 00 00 00 00 00 00 00 07 08 7E 9A 40 94 D6 A9 3E 43 8D D9 40 FC BF 04 43 00 00 00 00 00 00 00 00 00 00 00 00 
03 00 21 00 00 00 
03 00 21 00 00 00 00 00 00 00 07 08 7E 9A 40 94 D6 A9 3E 43 8D D9 40 FC BF 04 43 00 00 00 00 00 00 00 00 00 00 00 00 
03 00 21 00 00 00 
03 00 21 00 00 00 00 00 00 00 07 08 7E 9A 40 94 D6 A9 3E 43 8D D9 40 FC BF 04 43 00 00 00 00 00 00 00 00 00 00 00 00 
03 00 21 00 00 00 
03 00 21 00 00 00 00 00 00 00 07 08 7E 9A 40 94 D6 A9 3E 43 8D D9 40 FC BF 04 43 00 00 00 00 00 00 00 00 00 00 00 00 
03 00 21 00 00 00 
03 00 21 00 00 00 00 00 00 00 07 08 7E 9A 40 94 D6 A9 3E 43 8D D9 40 FC BF 04 43 00 00 00 00 00 00 00 00 00 00 00 00 
03 00 21 00 00 00 
03 00 21 00 00 00 00 00 00 00 07 08 7E 9A 40 94 D6 A9 3E 43 8D D9 40 FC BF 04 43 00 00 00 00 00 00 00 00 00 00 00 00 
03 00 21 00 00 00 
03 00 21 00 00 00 00 00 00 00 07 08 7E 9A 40 94 D6 A9 3E 43 8D D9 40 FC BF 04 43 00 00 00 00 00 00 00 00 00 00 00 00 
03 00 21 00 00 00 
03 00 21 00 00 00 00 00 00 00 07 08 7E 9A 40 94 D6 A9 3E 43 8D D9 40 FC BF 04 43 00 00 00 00 00 00 00 00 00 00 00 00 
03 00 21 00 00 00 
03 00 21 00 00 00 00 00 00 00 07 08 7E 9A 40 94 D6 A9 3E 43 8D D9 40 FC BF 04 43 00 00 00 00 00 00 00 00 00 00 00 00 
03 00 21 00 00 00 
03 00 21 00 00 00 00 00 00 00 07 08 7E 9A 40 94 D6 A9 3E 43 8D D9 40 FC BF 04 43 00 00 00 00 00 00 00 00 00 00 00 00 
03 00 21 00 00 00 
03 00 21 00 00 00 00 00 00 00 07 08 7E 9A 40 94 D6 A9 3E 43 8D D9 40 FC BF 04 43 00 00 00 00 00 00 00 00 00 00 00 00 
03 00 21 00 00 00 
03 00 21 00 00 00 00 00 00 00 07 08 7E 9A 40 94 D6 A9 3E 43 8D D9 40 FC BF 04 43 00 00 00 00 00 00 00 00 00 00 00 00 
03 00 21 00 00 00 
03 00 21 00 00 00 00 00 00 00 07 08 7E 9A 40 94 D6 A9 3E 43 8D D9 40 FC BF 04 43 00 00 00 00 00 00 00 00 00 00 00 00 
03 00 21 00 00 00 
03 00 21 00 00 00 00 00 00 00 07 08 7E 9A 40 94 D6 A9 3E 43 8D D9 40 FC BF 04 43 00 00 00 00 00 00 00 00 00 00 00 00 
03 00 21 00 00 00 
03 00 21 00 00 00 00 00 00 00 07 08 7E 9A 40 94 D6 A9 3E 43 8D D9 40 FC BF 04 43 00 00 00 00 00 00 00 00 00 00 00 00 
03 00 21 00 00 00 
03 00 21 00 00 00 00 00 00 00 07 08 7E 9A 40 94 D6 A9 3E 43 8D D9 40 FC BF 04 43 00 00 00 00 00 00 00 00 00 00 00 00 
03 00 21 00 00 00 
03 00 21 00 00 00 00 00 00 00 07 08 7E 9A 40 94 D6 A9 3E 43 8D D9 40 FC BF 04 43 00 00 00 00 00 00 00 00 00 00 00 00 
03 00 21 00 00 00 
03 00 21 00 00 00 00 00 00 00 07 08 7E 9A 40 94 D6 A9 3E 43 8D D9 40 FC BF 04 43 00 00 00 00 00 00 00 00 00 00 00 00 
03 00 21 00 00 00 
03 00 21 00 00 00 00 00 00 00 07 08 7E 9A 40 94 D6 A9 3E 43 8D D9 40 FC BF 04 43 00 00 00 00 00 00 00 00 00 00 00 00 
03 00 21 00 00 00 
03 00 21 00 00 00 00 00 00 00 07 08 7E 9A 40 94 D6 A9 3E 43 8D D9 40 FC BF 04 43 00 00 00 00 00 00 00 00 00 00 00 00 
03 00 21 00 00 00 
03 00 21 00 00 00 00 00 00 00 07 08 7E 9A 40 94 D6 A9 3E 43 8D D9 40 FC BF 04 43 00 00 00 00 00 00 00 00 00 00 00 00 
03 00 21 00 00 00 
03 00 21 00 00 00 00 00 00 00 07 08 7E 9A 40 94 D6 A9 3E 43 8D D9 40 FC BF 04 43 00 00 00 00 00 00 00 00 00 00 00 00 
03 00 21 00 00 00 
03 00 21 00 00 00 00 00 00 00 07 08 7E 9A 40 94 D6 A9 3E 43 8D D9 40 FC BF 04 43 00 00 00 00 00 00 00 00 00 00 00 00 
03 00 21 00 00 00 
03 00 21 00 00 00 00 00 00 00 07 08 7E 9A 40 94 D6 A9 3E 43 8D D9 40 FC BF 04 43 00 00 00 00 00 00 00 00 00 00 00 00 
03 00 21 00 00 00 
03 00 21 00 00 00 00 00 00 00 07 08 7E 9A 40 94 D6 A9 3E 43 8D D9 40 FC BF 04 43 00 00 00 00 00 00 00 00 00 00 00 00 
03 00 21 00 00 00 
03 00 21 00 00 00 00 00 00 00 07 08 7E 9A 40 94 D6 A9 3E 43 8D D9 40 FC BF 04 43 00 00 00 00 00 00 00 00 00 00 00 00 
03 00 21 00 00 00 
03 00 21 00 00 00 00 00 00 00 07 08 7E 9A 40 94 D6 A9 3E 43 8D D9 40 FC BF 04 43 00 00 00 00 00 00 00 00 00 00 00 00 
03 00 21 00 00 00 
03 00 21 00 00 00 00 00 00 00 07 08 7E 9A 40 94 D6 A9 3E 43 8D D9 40 FC BF 04 43 00 00 00 00 00 00 00 00 00 00 00 00 
03 00 21 00 00 00 
03 00 21 00 00 00 00 00 00 00 07 08 7E 9A 40 94 D6 A9 3E 43 8D D9 40 62 66 03 43 00 00 00 00 00 00 00 00 00 00 00 00 
03 00 21 00 00 00 
03 00 21 00 00 00 00 00 00 00 07 08 7E 9A 40 94 D6 A9 3E 43 8D D9 40 C3 4C E7 42 00 00 00 00 00 00 00 00 00 00 00 00 
03 00 21 00 00 00 
03 00 21 00 00 00 00 00 00 00 07 08 7E 9A 40 94 D6 A9 3E 43 8D D9 40 5B 66 D4 42 00 00 00 00 00 00 00 00 00 00 00 00 
03 00 21 00 00 00 
03 00 21 00 00 00 00 00 00 00 07 08 7E 9A 40 94 D6 A9 3E 43 8D D9 40 F4 7F CA 42 00 00 00 00 00 00 00 00 00 00 00 00 
03 00 21 00 00 00 
03 00 21 00 00 00 00 00 00 00 07 08 7E 9A 40 94 D6 A9 3E 43 8D D9 40 C1 CC C7 42 00 00 00 00 00 00 00 00 00 00 00 00 
03 00 21 00 00 00 
03 00 21 00 00 00 00 00 00 00 07 08 7E 9A 40 94 D6 A9 3E 43 8D D9 40 C1 CC C7 42 00 00 00 00 00 00 00 00 00 00 00 00 
03 00 21 00 00 00 
03 00 21 00 00 00 00 00 00 00 07 08 7E 9A 40 94 D6 A9 3E 43 8D D9 40 C1 CC C7 42 00 00 00 00 00 00 00 00 00 00 00 00 
03 00 21 00 00 00 
03 00 21 00 00 00 00 00 00 00 07 08 7E 9A 40 94 D6 A9 3E 43 8D D9 40 C1 CC C7 42 00 00 00 00 00 00 00 00 00 00 00 00 
03 00 21 00 00 00 
03 00 21 00 00 00 00 00 00 00 07 08 7E 9A 40 94 D6 A9 3E 43 8D D9 40 C1 CC C7 42 00 00 00 00 00 00 00 00 00 00 00 00 
03 00 21 00 00 00 
03 00 21 00 00 00 00 00 00 00 07 08 7E 9A 40 94 D6 A9 3E 43 8D D9 40 C1 CC C7 42 00 00 00 00 00 00 00 00 00 00 00 00 
03 00 21 00 00 00 
03 00 21 00 00 00 00 00 00 00 07 08 7E 9A 40 94 D6 A9 3E 43 8D D9 40 C1 CC C7 42 00 00 00 00 00 00 00 00 00 00 00 00 
03 00 21 00 00 00 
03 00 21 00 00 00 00 00 00 00 07 08 7E 9A 40 94 D6 A9 3E 43 8D D9 40 C1 CC C7 42 00 00 00 00 00 00 00 00 00 00 00 00 
03 00 21 00 00 00 
03 00 21 00 00 00 00 00 00 00 07 08 7E 9A 40 94 D6 A9 3E 43 8D D9 40 C1 CC C7 42 00 00 00 00 00 00 00 00 00 00 00 00 
03 00 21 00 00 00 
03 00 21 00 00 00 00 00 00 00 07 08 7E 9A 40 94 D6 A9 3E 43 8D D9 40 C1 CC C7 42 00 00 00 00 00 00 00 00 00 00 00 00 
03 00 21 00 00 00 
03 00 21 00 00 00 00 00 00 00 07 08 7E 9A 40 94 D6 A9 3E 43 8D D9 40 C1 CC C7 42 00 00 00 00 00 00 00 00 00 00 00 00 
03 00 21 00 00 00 
03 00 21 00 00 00 00 00 00 00 07 08 7E 9A 40 94 D6 A9 3E 43 8D D9 40 C1 CC C7 42 00 00 00 00 00 00 00 00 00 00 00 00 
03 00 21 00 00 00 
03 00 21 00 00 00 00 00 00 00 07 08 7E 9A 40 94 D6 A9 3E 43 8D D9 40 C1 CC C7 42 00 00 00 00 00 00 00 00 00 00 00 00 
03 00 21 00 00 00 
03 00 21 00 00 00 00 00 00 00 07 08 7E 9A 40 94 D6 A9 3E 43 8D D9 40 C1 CC C7 42 00 00 00 00 00 00 00 00 00 00 00 00 
03 00 21 00 00 00 
03 00 21 00 00 00 00 00 00 00 07 08 7E 9A 40 94 D6 A9 3E 43 8D D9 40 C1 CC C7 42 00 00 00 00 00 00 00 00 00 00 00 00 
03 00 21 00 00 00 
03 00 21 00 00 00 00 00 00 00 07 08 7E 9A 40 94 D6 A9 3E 43 8D D9 40 C1 CC C7 42 00 00 00 00 00 00 00 00 00 00 00 00 
03 00 21 00 00 00 
03 00 21 00 00 00 00 00 00 00 07 08 7E 9A 40 94 D6 A9 3E 43 8D D9 40 C1 CC C7 42 00 00 00 00 00 00 00 00 00 00 00 00 
03 00 21 00 00 00 
03 00 21 00 00 00 00 00 00 00 07 08 7E 9A 40 94 D6 A9 3E 43 8D D9 40 C1 CC C7 42 00 00 00 00 00 00 00 00 00 00 00 00 
03 00 21 00 00 00 
03 00 21 00 00 00 00 00 00 00 07 08 7E 9A 40 94 D6 A9 3E 43 8D D9 40 C1 CC C7 42 00 00 00 00 00 00 00 00 00 00 00 00 
03 00 21 00 00 00 
03 00 21 00 00 00 00 00 00 00 07 08 7E 9A 40 94 D6 A9 3E 43 8D D9 40 C1 CC C7 42 00 00 00 00 00 00 00 00 00 00 00 00 
03 00 21 00 00 00 
03 00 21 00 00 00 00 00 00 00 07 08 7E 9A 40 94 D6 A9 3E 43 8D D9 40 C1 CC C7 42 00 00 00 00 00 00 00 00 00 00 00 00 
03 00 21 00 00 00 
03 00 21 00 00 00 00 00 00 00 07 08 7E 9A 40 94 D6 A9 3E 43 8D D9 40 C1 CC C7 42 00 00 00 00 00 00 00 00 00 00 00 00 
03 00 21 00 00 00 
03 00 21 00 00 00 00 00 00 00 07 08 7E 9A 40 94 D6 A9 3E 43 8D D9 40 C1 CC C7 42 00 00 00 00 00 00 00 00 00 00 00 00 
03 00 21 00 00 00 
03 00 21 00 00 00 00 00 00 00 07 08 7E 9A 40 94 D6 A9 3E 43 8D D9 40 C1 CC C7 42 00 00 00 00 00 00 00 00 00 00 00 00 
03 00 21 00 00 00 
03 00 21 00 00 00 00 00 00 00 07 08 7E 9A 40 94 D6 A9 3E 43 8D D9 40 C1 CC C7 42 00 00 00 00 00 00 00 00 00 00 00 00 
03 00 21 00 00 00 
03 00 21 00 00 00 00 00 00 00 07 08 7E 9A 40 94 D6 A9 3E 43 8D D9 40 C1 CC C7 42 00 00 00 00 00 00 00 00 00 00 00 00 
03 00 21 00 00 00 
03 00 21 00 00 00 00 00 00 00 07 08 7E 9A 40 94 D6 A9 3E 43 8D D9 40 C1 CC C7 42 00 00 00 00 00 00 00 00 00 00 00 00 
03 00 21 00 00 00 
03 00 21 00 00 00 00 00 00 00 07 08 7E 9A 40 94 D6 A9 3E 43 8D D9 40 C1 CC C7 42 00 00 00 00 00 00 00 00 00 00 00 00 
03 00 21 00 00 00 
03 00 21 00 00 00 00 00 00 00 07 08 7E 9A 40 94 D6 A9 3E 43 8D D9 40 C1 CC C7 42 00 00 00 00 00 00 00 00 00 00 00 00 
03 00 21 00 00 00 
03 00 21 00 00 00 00 00 00 00 07 08 7E 9A 40 94 D6 A9 3E 43 8D D9 40 C1 CC C7 42 00 00 00 00 00 00 00 00 00 00 00 00 
03 00 21 00 00 00 
03 00 21 00 00 00 00 00 00 00 07 08 7E 9A 40 94 D6 A9 3E 43 8D D9 40 C1 CC C7 42 00 00 00 00 00 00 00 00 00 00 00 00 
03 00 21 00 00 00 
03 00 21 00 00 00 00 00 00 00 07 08 7E 9A 40 94 D6 A9 3E 43 8D D9 40 C1 CC C7 42 00 00 00 00 00 00 00 00 00 00 00 00 
03 00 21 00 00 00 
03 00 21 00 00 00 00 00 00 00 07 08 7E 9A 40 94 D6 A9 3E 43 8D D9 40 C1 CC C7 42 00 00 00 00 00 00 00 00 00 00 00 00 
03 00 21 00 00 00 
03 00 21 00 00 00 00 00 00 00 07 08 7E 9A 40 94 D6 A9 3E 43 8D D9 40 C1 CC C7 42 00 00 00 00 00 00 00 00 00 00 00 00 
03 00 21 00 00 00 
03 00 21 00 00 00 00 00 00 00 07 08 7E 9A 40 94 D6 A9 3E 43 8D D9 40 C1 CC C7 42 00 00 00 00 00 00 00 00 00 00 00 00 
03 00 21 00 00 00 
03 00 21 00 00 00 00 00 00 00 07 08 7E 9A 40 94 D6 A9 3E 43 8D D9 40 C1 CC C7 42 00 00 00 00 00 00 00 00 00 00 00 00 
03 00 21 00 00 00 
03 00 21 00 00 00 00 00 00 00 07 08 7E 9A 40 94 D6 A9 3E 43 8D D9 40 C1 CC C7 42 00 00 00 00 00 00 00 00 00 00 00 00 
03 00 21 00 00 00 
03 00 21 00 00 00 00 00 00 00 07 08 7E 9A 40 94 D6 A9 3E 43 8D D9 40 C1 CC C7 42 00 00 00 00 00 00 00 00 00 00 00 00 
03 00 21 00 00 00 
03 00 21 00 00 00 00 00 00 00 07 08 7E 9A 40 94 D6 A9 3E 43 8D D9 40 C1 CC C7 42 00 00 00 00 00 00 00 00 00 00 00 00 
03 00 21 00 00 00 
03 00 21 00 00 00 00 00 00 00 07 08 7E 9A 40 94 D6 A9 3E 43 8D D9 40 C1 CC C7 42 00 00 00 00 00 00 00 00 00 00 00 00 
03 00 21 00 00 00 
03 00 21 00 00 00 00 00 00 00 07 08 7E 9A 40 94 D6 A9 3E 43 8D D9 40 C1 CC C7 42 00 00 00 00 00 00 00 00 00 00 00 00 
03 00 21 00 00 00 
03 00 21 00 00 00 00 00 00 00 07 08 7E 9A 40 94 D6 A9 3E 43 8D D9 40 C1 CC C7 42 00 00 00 00 00 00 00 00 00 00 00 00 
03 00 21 00 00 00 
03 00 21 00 00 00 00 00 00 00 07 08 7E 9A 40 94 D6 A9 3E 43 8D D9 40 C1 CC C7 42 00 00 00 00 00 00 00 00 00 00 00 00 
03 00 21 00 00 00 
03 00 21 00 00 00 00 00 00 00 07 08 7E 9A 40 94 D6 A9 3E 43 8D D9 40 C1 CC C7 42 00 00 00 00 00 00 00 00 00 00 00 00 
03 00 21 00 00 00 
03 00 21 00 00 00 00 00 00 00 07 08 7E 9A 40 94 D6 A9 3E 43 8D D9 40 C1 CC C7 42 00 00 00 00 00 00 00 00 00 00 00 00 
03 00 21 00 00 00 
03 00 21 00 00 00 00 00 00 00 07 08 7E 9A 40 94 D6 A9 3E 43 8D D9 40 C1 CC C7 42 00 00 00 00 00 00 00 00 00 00 00 00 
03 00 21 00 00 00 
03 00 21 00 00 00 00 00 00 00 07 08 7E 9A 40 94 D6 A9 3E 43 8D D9 40 C1 CC C7 42 00 00 00 00 00 00 00 00 00 00 00 00 
03 00 21 00 00 00 
03 00 21 00 00 00 00 00 00 00 07 08 7E 9A 40 94 D6 A9 3E 43 8D D9 40 C1 CC C7 42 00 00 00 00 00 00 00 00 00 00 00 00 
03 00 21 00 00 00 
03 00 21 00 00 00 00 00 00 00 07 08 7E 9A 40 94 D6 A9 3E 43 8D D9 40 C1 CC C7 42 00 00 00 00 00 00 00 00 00 00 00 00 
03 00 21 00 00 00 
03 00 21 00 00 00 00 00 00 00 07 08 7E 9A 40 94 D6 A9 3E 43 8D D9 40 C1 CC C7 42 00 00 00 00 00 00 00 00 00 00 00 00 
03 00 21 00 00 00 
03 00 21 00 00 00 00 00 00 00 07 08 7E 9A 40 94 D6 A9 3E 43 8D D9 40 C1 CC C7 42 00 00 00 00 00 00 00 00 00 00 00 00 
03 00 21 00 00 00 
03 00 21 00 00 00 00 00 00 00 07 08 7E 9A 40 94 D6 A9 3E 43 8D D9 40 C1 CC C7 42 00 00 00 00 00 00 00 00 00 00 00 00 
03 00 21 00 00 00 
03 00 21 00 00 00 00 00 00 00 07 08 7E 9A 40 94 D6 A9 3E 43 8D D9 40 C1 CC C7 42 00 00 00 00 00 00 00 00 00 00 00 00 
03 00 21 00 00 00 
03 00 21 00 00 00 00 00 00 00 07 08 7E 9A 40 94 D6 A9 3E 43 8D D9 40 C1 CC C7 42 00 00 00 00 00 00 00 00 00 00 00 00 
03 00 21 00 00 00 
03 00 21 00 00 00 00 00 00 00 07 08 7E 9A 40 94 D6 A9 3E 43 8D D9 40 C1 CC C7 42 00 00 00 00 00 00 00 00 00 00 00 00 
03 00 21 00 00 00 
03 00 21 00 00 00 00 00 00 00 07 08 7E 9A 40 94 D6 A9 3E 43 8D D9 40 C1 CC C7 42 00 00 00 00 00 00 00 00 00 00 00 00 
03 00 21 00 00 00 
03 00 21 00 00 00 00 00 00 00 07 08 7E 9A 40 90 D6 A9 3E 43 8D D9 40 C1 CC C7 42 00 00 00 00 00 00 00 00 00 00 00 00 
03 00 21 00 00 00 
03 00 21 00 00 00 00 00 00 00 07 08 7E 9A 40 90 D6 A9 3E 43 8D D9 40 C1 CC C7 42 00 00 00 00 00 00 00 00 00 00 00 00 
03 00 21 00 00 00 
03 00 21 00 00 00 00 00 00 00 07 08 7E 9A 40 90 D6 A9 3E 43 8D D9 40 C1 CC C7 42 00 00 00 00 00 00 00 00 00 00 00 00 
03 00 21 00 00 00 
03 00 21 00 00 00 00 00 00 00 07 08 7E 9A 40 90 D6 A9 3E 43 8D D9 40 C1 CC C7 42 00 00 00 00 00 00 00 00 00 00 00 00 
03 00 21 00 00 00 
03 00 21 00 00 00 00 00 00 00 07 08 7E 9A 40 90 D6 A9 3E 43 8D D9 40 C1 CC C7 42 00 00 00 00 00 00 00 00 00 00 00 00 
03 00 21 00 00 00 
03 00 21 00 00 00 00 00 00 00 07 08 7E 9A 40 90 D6 A9 3E 43 8D D9 40 C1 CC C7 42 00 00 00 00 00 00 00 00 00 00 00 00 
03 00 21 00 00 00 
03 00 21 00 00 00 00 00 00 00 07 08 7E 9A 40 90 D6 A9 3E 43 8D D9 40 C1 CC C7 42 00 00 00 00 00 00 00 00 00 00 00 00 
03 00 21 00 00 00 
03 00 21 00 00 00 00 00 00 00 07 08 7E 9A 40 90 D6 A9 3E 43 8D D9 40 C1 CC C7 42 00 00 00 00 00 00 00 00 00 00 00 00 
03 00 21 00 00 00 
03 00 21 00 00 00 00 00 00 00 07 08 7E 9A 40 90 D6 A9 3E 43 8D D9 40 C1 CC C7 42 00 00 00 00 00 00 00 00 00 00 00 00 
03 00 21 00 00 00 
03 00 21 00 00 00 00 00 00 00 07 08 7E 9A 40 90 D6 A9 3E 43 8D D9 40 C1 CC C7 42 00 00 00 00 00 00 00 00 00 00 00 00 
03 00 21 00 00 00 
03 00 21 00 00 00 00 00 00 00 07 08 7E 9A 40 90 D6 A9 3E 43 8D D9 40 C1 CC C7 42 00 00 00 00 00 00 00 00 00 00 00 00 
03 00 21 00 00 00 
03 00 21 00 00 00 00 00 00 00 07 08 7E 9A 40 90 D6 A9 3E 43 8D D9 40 C1 CC C7 42 00 00 00 00 00 00 00 00 00 00 00 00 
03 00 21 00 00 00 
03 00 21 00 00 00 00 00 00 00 07 08 7E 9A 40 90 D6 A9 3E 43 8D D9 40 C1 CC C7 42 00 00 00 00 00 00 00 00 00 00 00 00 
03 00 21 00 00 00 
03 00 21 00 00 00 00 00 00 00 07 08 7E 9A 40 90 D6 A9 3E 43 8D D9 40 C1 CC C7 42 00 00 00 00 00 00 00 00 00 00 00 00 
03 00 21 00 00 00 
03 00 21 00 00 00 00 00 00 00 07 08 7E 9A 40 90 D6 A9 3E 43 8D D9 40 C1 CC C7 42 00 00 00 00 00 00 00 00 00 00 00 00 
03 00 21 00 00 00 
03 00 21 00 00 00 00 00 00 00 07 08 7E 9A 40 90 D6 A9 3E 43 8D D9 40 C1 CC C7 42 00 00 00 00 00 00 00 00 00 00 00 00 
03 00 21 00 00 00 
03 00 21 00 00 00 00 00 00 00 07 08 7E 9A 40 90 D6 A9 3E 43 8D D9 40 C1 CC C7 42 00 00 00 00 00 00 00 00 00 00 00 00 
03 00 21 00 00 00 
03 00 21 00 00 00 00 00 00 00 07 08 7E 9A 40 90 D6 A9 3E 43 8D D9 40 C1 CC C7 42 00 00 00 00 00 00 00 00 00 00 00 00 
03 00 21 00 00 00 
03 00 21 00 00 00 00 00 00 00 07 08 7E 9A 40 90 D6 A9 3E 43 8D D9 40 C1 CC C7 42 00 00 00 00 00 00 00 00 00 00 00 00 
03 00 21 00 00 00 
03 00 21 00 00 00 00 00 00 00 07 08 7E 9A 40 90 D6 A9 3E 43 8D D9 40 C1 CC C7 42 00 00 00 00 00 00 00 00 00 00 00 00 
03 00 21 00 00 00 
03 00 21 00 00 00 00 00 00 00 07 08 7E 9A 40 90 D6 A9 3E 43 8D D9 40 C1 CC C7 42 00 00 00 00 00 00 00 00 00 00 00 00 
03 00 21 00 00 00 
03 00 21 00 00 00 00 00 00 00 07 08 7E 9A 40 90 D6 A9 3E 43 8D D9 40 C1 CC C7 42 00 00 00 00 00 00 00 00 00 00 00 00 
03 00 21 00 00 00 
03 00 21 00 00 00 00 00 00 00 07 08 7E 9A 40 90 D6 A9 3E 43 8D D9 40 C1 CC C7 42 00 00 00 00 00 00 00 00 00 00 00 00 
03 00 21 00 00 00 
03 00 21 00 00 00 00 00 00 00 07 08 7E 9A 40 90 D6 A9 3E 43 8D D9 40 C1 CC C7 42 00 00 00 00 00 00 00 00 00 00 00 00 
03 00 21 00 00 00 
03 00 21 00 00 00 00 00 00 00 07 08 7E 9A 40 90 D6 A9 3E 43 8D D9 40 C1 CC C7 42 00 00 00 00 00 00 00 00 00 00 00 00 
03 00 21 00 00 00 
03 00 21 00 00 00 00 00 00 00 07 08 7E 9A 40 90 D6 A9 3E 43 8D D9 40 C1 CC C7 42 00 00 00 00 00 00 00 00 00 00 00 00 
03 00 21 00 00 00 
03 00 21 00 00 00 00 00 00 00 07 08 7E 9A 40 90 D6 A9 3E 43 8D D9 40 C1 CC C7 42 00 00 00 00 00 00 00 00 00 00 00 00 
03 00 21 00 00 00 
03 00 21 00 00 00 00 00 00 00 07 08 7E 9A 40 90 D6 A9 3E 43 8D D9 40 C1 CC C7 42 00 00 00 00 00 00 00 00 00 00 00 00 
03 00 21 00 00 00 
03 00 21 00 00 00 00 00 00 00 07 08 7E 9A 40 90 D6 A9 3E 43 8D D9 40 C1 CC C7 42 00 00 00 00 00 00 00 00 00 00 00 00 
03 00 21 00 00 00 
03 00 21 00 00 00 00 00 00 00 07 08 7E 9A 40 90 D6 A9 3E 43 8D D9 40 C1 CC C7 42 00 00 00 00 00 00 00 00 00 00 00 00 
03 00 21 00 00 00 
03 00 21 00 00 00 00 00 00 00 07 08 7E 9A 40 90 D6 A9 3E 43 8D D9 40 C1 CC C7 42 00 00 00 00 00 00 00 00 00 00 00 00 
03 00 21 00 00 00 
03 00 21 00 00 00 00 00 00 00 07 08 7E 9A 40 90 D6 A9 3E 43 8D D9 40 C1 CC C7 42 00 00 00 00 00 00 00 00 00 00 00 00 
03 00 21 00 00 00 
03 00 21 00 00 00 00 00 00 00 07 08 7E 9A 40 90 D6 A9 3E 43 8D D9 40 C1 CC C7 42 00 00 00 00 00 00 00 00 00 00 00 00 
03 00 21 00 00 00 
03 00 21 00 00 00 00 00 00 00 07 08 7E 9A 40 90 D6 A9 3E 43 8D D9 40 C1 CC C7 42 00 00 00 00 00 00 00 00 00 00 00 00 
03 00 21 00 00 00 
03 00 21 00 00 00 00 00 00 00 07 08 7E 9A 40 90 D6 A9 3E 43 8D D9 40 C1 CC C7 42 00 00 00 00 00 00 00 00 00 00 00 00 
03 00 21 00 00 00 
03 00 21 00 00 00 00 00 00 00 07 08 7E 9A 40 90 D6 A9 3E 43 8D D9 40 C1 CC C7 42 00 00 00 00 00 00 00 00 00 00 00 00 
03 00 21 00 00 00 
03 00 21 00 00 00 00 00 00 00 07 08 7E 9A 40 90 D6 A9 3E 43 8D D9 40 C1 CC C7 42 00 00 00 00 00 00 00 00 00 00 00 00 
03 00 21 00 00 00 
03 00 21 00 00 00 00 00 00 00 07 08 7E 9A 40 90 D6 A9 3E 43 8D D9 40 C1 CC C7 42 00 00 00 00 00 00 00 00 00 00 00 00 
03 00 21 00 00 00 
03 00 21 00 00 00 00 00 00 00 07 08 7E 9A 40 90 D6 A9 3E 43 8D D9 40 C1 CC C7 42 00 00 00 00 00 00 00 00 00 00 00 00 
03 00 21 00 00 00 
03 00 21 00 00 00 00 00 00 00 07 08 7E 9A 40 90 D6 A9 3E 43 8D D9 40 C1 CC C7 42 00 00 00 00 00 00 00 00 00 00 00 00 
03 00 21 00 00 00 
03 00 21 00 00 00 00 00 00 00 07 08 7E 9A 40 90 D6 A9 3E 43 8D D9 40 C1 CC C7 42 00 00 00 00 00 00 00 00 00 00 00 00 
03 00 21 00 00 00 
03 00 21 00 00 00 00 00 00 00 07 08 7E 9A 40 90 D6 A9 3E 43 8D D9 40 C1 CC C7 42 00 00 00 00 00 00 00 00 00 00 00 00 
03 00 21 00 00 00 
03 00 21 00 00 00 00 00 00 00 07 08 7E 9A 40 90 D6 A9 3E 43 8D D9 40 C1 CC C7 42 00 00 00 00 00 00 00 00 00 00 00 00 
03 00 21 00 00 00 
03 00 21 00 00 00 00 00 00 00 07 08 7E 9A 40 90 D6 A9 3E 43 8D D9 40 C1 CC C7 42 00 00 00 00 00 00 00 00 00 00 00 00 
03 00 21 00 00 00 
03 00 21 00 00 00 00 00 00 00 07 08 7E 9A 40 90 D6 A9 3E 43 8D D9 40 C1 CC C7 42 00 00 00 00 00 00 00 00 00 00 00 00 
03 00 21 00 00 00 
03 00 21 00 00 00 00 00 00 00 07 08 7E 9A 40 90 D6 A9 3E 43 8D D9 40 C1 CC C7 42 00 00 00 00 00 00 00 00 00 00 00 00 
03 00 21 00 00 00 
03 00 21 00 00 00 00 00 00 00 07 08 7E 9A 40 90 D6 A9 3E 43 8D D9 40 C1 CC C7 42 00 00 00 00 00 00 00 00 00 00 00 00 
03 00 21 00 00 00 
03 00 21 00 00 00 00 00 00 00 07 08 7E 9A 40 90 D6 A9 3E 43 8D D9 40 C1 CC C7 42 00 00 00 00 00 00 00 00 00 00 00 00 
03 00 21 00 00 00 
03 00 21 00 00 00 00 00 00 00 07 08 7E 9A 40 90 D6 A9 3E 43 8D D9 40 C1 CC C7 42 00 00 00 00 00 00 00 00 00 00 00 00 
03 00 21 00 00 00 
03 00 21 00 00 00 00 00 00 00 07 08 7E 9A 40 90 D6 A9 3E 43 8D D9 40 C1 CC C7 42 00 00 00 00 00 00 00 00 00 00 00 00 
03 00 21 00 00 00 
03 00 21 00 00 00 00 00 00 00 07 08 7E 9A 40 90 D6 A9 3E 43 8D D9 40 C1 CC C7 42 00 00 00 00 00 00 00 00 00 00 00 00 
03 00 21 00 00 00 
03 00 21 00 00 00 00 00 00 00 07 08 7E 9A 40 90 D6 A9 3E 43 8D D9 40 C1 CC C7 42 00 00 00 00 00 00 00 00 00 00 00 00 
03 00 21 00 00 00 
03 00 21 00 00 00 00 00 00 00 07 08 7E 9A 40 90 D6 A9 3E 43 8D D9 40 C1 CC C7 42 00 00 00 00 00 00 00 00 00 00 00 00 
03 00 21 00 00 00 
03 00 21 00 00 00 00 00 00 00 07 08 7E 9A 40 90 D6 A9 3E 43 8D D9 40 C1 CC C7 42 00 00 00 00 00 00 00 00 00 00 00 00 
03 00 21 00 00 00 
03 00 21 00 00 00 00 00 00 00 07 08 7E 9A 40 90 D6 A9 3E 43 8D D9 40 C1 CC C7 42 00 00 00 00 00 00 00 00 00 00 00 00 
03 00 21 00 00 00 
03 00 21 00 00 00 00 00 00 00 07 08 7E 9A 40 90 D6 A9 3E 43 8D D9 40 C1 CC C7 42 00 00 00 00 00 00 00 00 00 00 00 00 
03 00 21 00 00 00 
03 00 21 00 00 00 00 00 00 00 07 08 7E 9A 40 90 D6 A9 3E 43 8D D9 40 C1 CC C7 42 00 00 00 00 00 00 00 00 00 00 00 00 
03 00 21 00 00 00 
03 00 21 00 00 00 00 00 00 00 07 08 7E 9A 40 90 D6 A9 3E 43 8D D9 40 C1 CC C7 42 00 00 00 00 00 00 00 00 00 00 00 00 
03 00 21 00 00 00 
03 00 21 00 00 00 00 00 00 00 07 08 7E 9A 40 90 D6 A9 3E 43 8D D9 40 C1 CC C7 42 00 00 00 00 00 00 00 00 00 00 00 00 
03 00 21 00 00 00 
03 00 21 00 00 00 00 00 00 00 07 08 7E 9A 40 90 D6 A9 3E 43 8D D9 40 C1 CC C7 42 00 00 00 00 00 00 00 00 00 00 00 00 
03 00 21 00 00 00 
03 00 21 00 00 00 00 00 00 00 07 08 7E 9A 40 90 D6 A9 3E 43 8D D9 40 C1 CC C7 42 00 00 00 00 00 00 00 00 00 00 00 00 
03 00 21 00 00 00 
03 00 21 00 00 00 00 00 00 00 07 08 7E 9A 40 90 D6 A9 3E 43 8D D9 40 C1 CC C7 42 00 00 00 00 00 00 00 00 00 00 00 00 
03 00 21 00 00 00 
03 00 21 00 00 00 00 00 00 00 07 08 7E 9A 40 90 D6 A9 3E 43 8D D9 40 C1 CC C7 42 00 00 00 00 00 00 00 00 00 00 00 00 
03 00 21 00 00 00 
03 00 21 00 00 00 00 00 00 00 07 08 7E 9A 40 90 D6 A9 3E 43 8D D9 40 C1 CC C7 42 00 00 00 00 00 00 00 00 00 00 00 00 
03 00 21 00 00 00 
03 00 21 00 00 00 00 00 00 00 07 08 7E 9A 40 90 D6 A9 3E 43 8D D9 40 C1 CC C7 42 00 00 00 00 00 00 00 00 00 00 00 00 
03 00 21 00 00 00 
03 00 21 00 00 00 00 00 00 00 07 08 7E 9A 40 90 D6 A9 3E 43 8D D9 40 C1 CC C7 42 00 00 00 00 00 00 00 00 00 00 00 00 
03 00 21 00 00 00 
03 00 21 00 00 00 00 00 00 00 07 08 7E 9A 40 90 D6 A9 3E 43 8D D9 40 C1 CC C7 42 00 00 00 00 00 00 00 00 00 00 00 00 
03 00 21 00 00 00 
03 00 21 00 00 00 00 00 00 00 07 08 7E 9A 40 90 D6 A9 3E 43 8D D9 40 C1 CC C7 42 00 00 00 00 00 00 00 00 00 00 00 00 
03 00 21 00 00 00 
03 00 21 00 00 00 00 00 00 00 07 08 7E 9A 40 90 D6 A9 3E 43 8D D9 40 C1 CC C7 42 00 00 00 00 00 00 00 00 00 00 00 00 
03 00 21 00 00 00 
03 00 21 00 00 00 00 00 00 00 07 08 7E 9A 40 90 D6 A9 3E 43 8D D9 40 C1 CC C7 42 00 00 00 00 00 00 00 00 00 00 00 00 
03 00 21 00 00 00 
03 00 21 00 00 00 00 00 00 00 07 08 7E 9A 40 90 D6 A9 3E 43 8D D9 40 C1 CC C7 42 00 00 00 00 00 00 00 00 00 00 00 00 
03 00 21 00 00 00 
03 00 21 00 00 00 00 00 00 00 07 08 7E 9A 40 90 D6 A9 3E 43 8D D9 40 C1 CC C7 42 00 00 00 00 00 00 00 00 00 00 00 00 
03 00 21 00 00 00 
03 00 21 00 00 00 00 00 00 00 07 08 7E 9A 40 90 D6 A9 3E 43 8D D9 40 C1 CC C7 42 00 00 00 00 00 00 00 00 00 00 00 00 
03 00 21 00 00 00 
03 00 21 00 00 00 00 00 00 00 07 08 7E 9A 40 90 D6 A9 3E 43 8D D9 40 C1 CC C7 42 00 00 00 00 00 00 00 00 00 00 00 00 
03 00 21 00 00 00 
03 00 21 00 00 00 00 00 00 00 07 08 7E 9A 40 90 D6 A9 3E 43 8D D9 40 C1 CC C7 42 00 00 00 00 00 00 00 00 00 00 00 00 
03 00 21 00 00 00 
03 00 21 00 00 00 00 00 00 00 07 08 7E 9A 40 90 D6 A9 3E 43 8D D9 40 C1 CC C7 42 00 00 00 00 00 00 00 00 00 00 00 00 
03 00 21 00 00 00 
03 00 21 00 00 00 00 00 00 00 07 08 7E 9A 40 90 D6 A9 3E 43 8D D9 40 C1 CC C7 42 00 00 00 00 00 00 00 00 00 00 00 00 
03 00 21 00 00 00 
03 00 21 00 00 00 00 00 00 00 07 08 7E 9A 40 90 D6 A9 3E 43 8D D9 40 C1 CC C7 42 00 00 00 00 00 00 00 00 00 00 00 00 
03 00 21 00 00 00 
03 00 21 00 00 00 00 00 00 00 07 08 7E 9A 40 90 D6 A9 3E 43 8D D9 40 C1 CC C7 42 00 00 00 00 00 00 00 00 00 00 00 00 
03 00 21 00 00 00 
03 00 21 00 00 00 00 00 00 00 07 08 7E 9A 40 90 D6 A9 3E 43 8D D9 40 C1 CC C7 42 00 00 00 00 00 00 00 00 00 00 00 00 
03 00 21 00 00 00 
03 00 21 00 00 00 00 00 00 00 07 08 7E 9A 40 90 D6 A9 3E 43 8D D9 40 C1 CC C7 42 00 00 00 00 00 00 00 00 00 00 00 00 
03 00 21 00 00 00 
03 00 21 00 00 00 00 00 00 00 07 08 7E 9A 40 90 D6 A9 3E 43 8D D9 40 C1 CC C7 42 00 00 00 00 00 00 00 00 00 00 00 00 
03 00 21 00 00 00 
03 00 21 00 00 00 00 00 00 00 07 08 7E 9A 40 90 D6 A9 3E 43 8D D9 40 C1 CC C7 42 00 00 00 00 00 00 00 00 00 00 00 00 
03 00 21 00 00 00 
03 00 21 00 00 00 00 00 00 00 07 08 7E 9A 40 90 D6 A9 3E 43 8D D9 40 C1 CC C7 42 00 00 00 00 00 00 00 00 00 00 00 00 
03 00 21 00 00 00 
03 00 21 00 00 00 00 00 00 00 07 08 7E 9A 40 90 D6 A9 3E 43 8D D9 40 C1 CC C7 42 00 00 00 00 00 00 00 00 00 00 00 00 
03 00 21 00 00 00 
03 00 21 00 00 00 00 00 00 00 07 08 7E 9A 40 90 D6 A9 3E 43 8D D9 40 C1 CC C7 42 00 00 00 00 00 00 00 00 00 00 00 00 
03 00 21 00 00 00 
03 00 21 00 00 00 00 00 00 00 07 08 7E 9A 40 90 D6 A9 3E 43 8D D9 40 C1 CC C7 42 00 00 00 00 00 00 00 00 00 00 00 00 
03 00 21 00 00 00 
03 00 21 00 00 00 00 00 00 00 07 08 7E 9A 40 90 D6 A9 3E 43 8D D9 40 C1 CC C7 42 00 00 00 00 00 00 00 00 00 00 00 00 
03 00 21 00 00 00 
03 00 21 00 00 00 00 00 00 00 07 08 7E 9A 40 90 D6 A9 3E 43 8D D9 40 C1 CC C7 42 00 00 00 00 00 00 00 00 00 00 00 00 
03 00 21 00 00 00 
03 00 21 00 00 00 00 00 00 00 07 08 7E 9A 40 90 D6 A9 3E 43 8D D9 40 C1 CC C7 42 00 00 00 00 00 00 00 00 00 00 00 00 
03 00 21 00 00 00 
03 00 21 00 00 00 00 00 00 00 07 08 7E 9A 40 90 D6 A9 3E 43 8D D9 40 C1 CC C7 42 00 00 00 00 00 00 00 00 00 00 00 00 
03 00 21 00 00 00 
03 00 21 00 00 00 00 00 00 00 07 08 7E 9A 40 90 D6 A9 3E 43 8D D9 40 C1 CC C7 42 00 00 00 00 00 00 00 00 00 00 00 00 
03 00 21 00 00 00 
03 00 21 00 00 00 00 00 00 00 07 08 7E 9A 40 90 D6 A9 3E 43 8D D9 40 C1 CC C7 42 00 00 00 00 00 00 00 00 00 00 00 00 
03 00 21 00 00 00 
03 00 21 00 00 00 00 00 00 00 07 08 7E 9A 40 90 D6 A9 3E 43 8D D9 40 C1 CC C7 42 00 00 00 00 00 00 00 00 00 00 00 00 
03 00 21 00 00 00 
03 00 21 00 00 00 00 00 00 00 07 08 7E 9A 40 90 D6 A9 3E 43 8D D9 40 C1 CC C7 42 00 00 00 00 00 00 00 00 00 00 00 00 
03 00 21 00 00 00 
03 00 21 00 00 00 00 00 00 00 07 08 7E 9A 40 90 D6 A9 3E 43 8D D9 40 C1 CC C7 42 00 00 00 00 00 00 00 00 00 00 00 00 
03 00 21 00 00 00 
03 00 21 00 00 00 00 00 00 00 07 08 7E 9A 40 90 D6 A9 3E 43 8D D9 40 C1 CC C7 42 00 00 00 00 00 00 00 00 00 00 00 00 
03 00 21 00 00 00 
03 00 21 00 00 00 00 00 00 00 07 08 7E 9A 40 90 D6 A9 3E 43 8D D9 40 C1 CC C7 42 00 00 00 00 00 00 00 00 00 00 00 00 
03 00 21 00 00 00 
03 00 21 00 00 00 00 00 00 00 07 08 7E 9A 40 90 D6 A9 3E 43 8D D9 40 C1 CC C7 42 00 00 00 00 00 00 00 00 00 00 00 00 
03 00 21 00 00 00 
03 00 21 00 00 00 00 00 00 00 07 08 7E 9A 40 90 D6 A9 3E 43 8D D9 40 C1 CC C7 42 00 00 00 00 00 00 00 00 00 00 00 00 
03 00 21 00 00 00 
03 00 21 00 00 00 00 00 00 00 07 08 7E 9A 40 90 D6 A9 3E 43 8D D9 40 C1 CC C7 42 00 00 00 00 00 00 00 00 00 00 00 00 
03 00 21 00 00 00 
03 00 21 00 00 00 00 00 00 00 07 08 7E 9A 40 90 D6 A9 3E 43 8D D9 40 C1 CC C7 42 00 00 00 00 00 00 00 00 00 00 00 00 
03 00 21 00 00 00 
03 00 21 00 00 00 00 00 00 00 07 08 7E 9A 40 90 D6 A9 3E 43 8D D9 40 C1 CC C7 42 00 00 00 00 00 00 00 00 00 00 00 00 
03 00 21 00 00 00 
03 00 21 00 00 00 00 00 00 00 07 08 7E 9A 40 90 D6 A9 3E 43 8D D9 40 C1 CC C7 42 00 00 00 00 00 00 00 00 00 00 00 00 
03 00 21 00 00 00 
03 00 21 00 00 00 00 00 00 00 07 08 7E 9A 40 90 D6 A9 3E 43 8D D9 40 C1 CC C7 42 00 00 00 00 00 00 00 00 00 00 00 00 
03 00 21 00 00 00 
03 00 21 00 00 00 00 00 00 00 07 08 7E 9A 40 90 D6 A9 3E 43 8D D9 40 C1 CC C7 42 00 00 00 00 00 00 00 00 00 00 00 00 
03 00 21 00 00 00 
03 00 21 00 00 00 00 00 00 00 07 08 7E 9A 40 90 D6 A9 3E 43 8D D9 40 C1 CC C7 42 00 00 00 00 00 00 00 00 00 00 00 00 
03 00 21 00 00 00 
03 00 21 00 00 00 00 00 00 00 07 08 7E 9A 40 90 D6 A9 3E 43 8D D9 40 C1 CC C7 42 00 00 00 00 00 00 00 00 00 00 00 00 
03 00 21 00 00 00 
03 00 21 00 00 00 00 00 00 00 07 08 7E 9A 40 90 D6 A9 3E 43 8D D9 40 C1 CC C7 42 00 00 00 00 00 00 00 00 00 00 00 00 
03 00 21 00 00 00 
03 00 21 00 00 00 00 00 00 00 07 08 7E 9A 40 90 D6 A9 3E 43 8D D9 40 C1 CC C7 42 00 00 00 00 00 00 00 00 00 00 00 00 
03 00 21 00 00 00 
03 00 21 00 00 00 00 00 00 00 07 08 7E 9A 40 90 D6 A9 3E 43 8D D9 40 C1 CC C7 42 00 00 00 00 00 00 00 00 00 00 00 00 
03 00 21 00 00 00 
03 00 21 00 00 00 00 00 00 00 07 08 7E 9A 40 90 D6 A9 3E 43 8D D9 40 C1 CC C7 42 00 00 00 00 00 00 00 00 00 00 00 00 
03 00 21 00 00 00 
03 00 21 00 00 00 00 00 00 00 07 08 7E 9A 40 90 D6 A9 3E 43 8D D9 40 C1 CC C7 42 00 00 00 00 00 00 00 00 00 00 00 00 
03 00 21 00 00 00 
03 00 21 00 00 00 00 00 00 00 07 08 7E 9A 40 90 D6 A9 3E 43 8D D9 40 C1 CC C7 42 00 00 00 00 00 00 00 00 00 00 00 00 
03 00 21 00 00 00 
03 00 21 00 00 00 00 00 00 00 07 08 7E 9A 40 90 D6 A9 3E 43 8D D9 40 C1 CC C7 42 00 00 00 00 00 00 00 00 00 00 00 00 
03 00 21 00 00 00 
03 00 21 00 00 00 00 00 00 00 07 08 7E 9A 40 90 D6 A9 3E 43 8D D9 40 C1 CC C7 42 00 00 00 00 00 00 00 00 00 00 00 00 
03 00 21 00 00 00 
03 00 21 00 00 00 00 00 00 00 07 08 7E 9A 40 90 D6 A9 3E 43 8D D9 40 C1 CC C7 42 00 00 00 00 00 00 00 00 00 00 00 00 
03 00 21 00 00 00 
03 00 21 00 00 00 00 00 00 00 07 08 7E 9A 40 90 D6 A9 3E 43 8D D9 40 C1 CC C7 42 00 00 00 00 00 00 00 00 00 00 00 00 
03 00 21 00 00 00 
03 00 21 00 00 00 00 00 00 00 07 08 7E 9A 40 90 D6 A9 3E 43 8D D9 40 C1 CC C7 42 00 00 00 00 00 00 00 00 00 00 00 00 
03 00 21 00 00 00 
03 00 21 00 00 00 00 00 00 00 07 08 7E 9A 40 90 D6 A9 3E 43 8D D9 40 C1 CC C7 42 00 00 00 00 00 00 00 00 00 00 00 00 
03 00 21 00 00 00 
03 00 21 00 00 00 00 00 00 00 07 08 7E 9A 40 90 D6 A9 3E 43 8D D9 40 C1 CC C7 42 00 00 00 00 00 00 00 00 00 00 00 00 
03 00 21 00 00 00 
03 00 21 00 00 00 00 00 00 00 07 08 7E 9A 40 90 D6 A9 3E 43 8D D9 40 C1 CC C7 42 00 00 00 00 00 00 00 00 00 00 00 00 
03 00 21 00 00 00 
03 00 21 00 00 00 00 00 00 00 07 08 7E 9A 40 90 D6 A9 3E 43 8D D9 40 C1 CC C7 42 00 00 00 00 00 00 00 00 00 00 00 00 
03 00 21 00 00 00 
03 00 21 00 00 00 00 00 00 00 07 08 7E 9A 40 90 D6 A9 3E 43 8D D9 40 C1 CC C7 42 00 00 00 00 00 00 00 00 00 00 00 00 
03 00 21 00 00 00 
03 00 21 00 00 00 00 00 00 00 07 08 7E 9A 40 90 D6 A9 3E 43 8D D9 40 C1 CC C7 42 00 00 00 00 00 00 00 00 00 00 00 00 
03 00 21 00 00 00 
03 00 21 00 00 00 00 00 00 00 07 08 7E 9A 40 90 D6 A9 3E 43 8D D9 40 C1 CC C7 42 00 00 00 00 00 00 00 00 00 00 00 00 
03 00 21 00 00 00 
03 00 21 00 00 00 00 00 00 00 07 08 7E 9A 40 90 D6 A9 3E 43 8D D9 40 C1 CC C7 42 00 00 00 00 00 00 00 00 00 00 00 00 
03 00 21 00 00 00 
03 00 21 00 00 00 00 00 00 00 07 08 7E 9A 40 90 D6 A9 3E 43 8D D9 40 C1 CC C7 42 00 00 00 00 00 00 00 00 00 00 00 00 
03 00 21 00 00 00 
03 00 21 00 00 00 00 00 00 00 07 08 7E 9A 40 90 D6 A9 3E 43 8D D9 40 C1 CC C7 42 00 00 00 00 00 00 00 00 00 00 00 00 
03 00 21 00 00 00 
03 00 21 00 00 00 00 00 00 00 07 08 7E 9A 40 90 D6 A9 3E 43 8D D9 40 C1 CC C7 42 00 00 00 00 00 00 00 00 00 00 00 00 
03 00 21 00 00 00 
03 00 21 00 00 00 00 00 00 00 07 08 7E 9A 40 90 D6 A9 3E 43 8D D9 40 C1 CC C7 42 00 00 00 00 00 00 00 00 00 00 00 00 
03 00 21 00 00 00 
03 00 21 00 00 00 00 00 00 00 07 08 7E 9A 40 90 D6 A9 3E 43 8D D9 40 C1 CC C7 42 00 00 00 00 00 00 00 00 00 00 00 00 
03 00 21 00 00 00 
03 00 21 00 00 00 00 00 00 00 07 08 7E 9A 40 90 D6 A9 3E 43 8D D9 40 C1 CC C7 42 00 00 00 00 00 00 00 00 00 00 00 00 
03 00 21 00 00 00 
03 00 21 00 00 00 00 00 00 00 07 08 7E 9A 40 90 D6 A9 3E 43 8D D9 40 C1 CC C7 42 00 00 00 00 00 00 00 00 00 00 00 00 
03 00 21 00 00 00 
03 00 21 00 00 00 00 00 00 00 07 08 7E 9A 40 90 D6 A9 3E 43 8D D9 40 C1 CC C7 42 00 00 00 00 00 00 00 00 00 00 00 00 
03 00 21 00 00 00 
03 00 21 00 00 00 00 00 00 00 07 08 7E 9A 40 90 D6 A9 3E 43 8D D9 40 C1 CC C7 42 00 00 00 00 00 00 00 00 00 00 00 00 
03 00 21 00 00 00 
03 00 21 00 00 00 00 00 00 00 07 08 7E 9A 40 90 D6 A9 3E 43 8D D9 40 C1 CC C7 42 00 00 00 00 00 00 00 00 00 00 00 00 
03 00 21 00 00 00 
03 00 21 00 00 00 00 00 00 00 07 08 7E 9A 40 90 D6 A9 3E 43 8D D9 40 C1 CC C7 42 00 00 00 00 00 00 00 00 00 00 00 00 
03 00 21 00 00 00 
03 00 21 00 00 00 00 00 00 00 07 08 7E 9A 40 90 D6 A9 3E 43 8D D9 40 C1 CC C7 42 00 00 00 00 00 00 00 00 00 00 00 00 
03 00 21 00 00 00 
03 00 21 00 00 00 00 00 00 00 07 08 7E 9A 40 90 D6 A9 3E 43 8D D9 40 C1 CC C7 42 00 00 00 00 00 00 00 00 00 00 00 00 
03 00 21 00 00 00 
03 00 21 00 00 00 00 00 00 00 07 08 7E 9A 40 90 D6 A9 3E 43 8D D9 40 C1 CC C7 42 00 00 00 00 00 00 00 00 00 00 00 00 
03 00 21 00 00 00 
03 00 21 00 00 00 00 00 00 00 07 08 7E 9A 40 90 D6 A9 3E 43 8D D9 40 C1 CC C7 42 00 00 00 00 00 00 00 00 00 00 00 00 
03 00 21 00 00 00 
03 00 21 00 00 00 00 00 00 00 07 08 7E 9A 40 90 D6 A9 3E 43 8D D9 40 C1 CC C7 42 00 00 00 00 00 00 00 00 00 00 00 00 
03 00 21 00 00 00 
03 00 21 00 00 00 00 00 00 00 07 08 7E 9A 40 90 D6 A9 3E 43 8D D9 40 C1 CC C7 42 00 00 00 00 00 00 00 00 00 00 00 00 
03 00 21 00 00 00 
03 00 21 00 00 00 00 00 00 00 07 08 7E 9A 40 90 D6 A9 3E 43 8D D9 40 C1 CC C7 42 00 00 00 00 00 00 00 00 00 00 00 00 
03 00 21 00 00 00 
03 00 21 00 00 00 00 00 00 00 07 08 7E 9A 40 90 D6 A9 3E 43 8D D9 40 C1 CC C7 42 00 00 00 00 00 00 00 00 00 00 00 00 
03 00 21 00 00 00 
03 00 21 00 00 00 00 00 00 00 07 08 7E 9A 40 90 D6 A9 3E 43 8D D9 40 C1 CC C7 42 00 00 00 00 00 00 00 00 00 00 00 00 
03 00 21 00 00 00 
03 00 21 00 00 00 00 00 00 00 07 08 7E 9A 40 90 D6 A9 3E 43 8D D9 40 C1 CC C7 42 00 00 00 00 00 00 00 00 00 00 00 00 
03 00 21 00 00 00 
03 00 21 00 00 00 00 00 00 00 07 08 7E 9A 40 90 D6 A9 3E 43 8D D9 40 C1 CC C7 42 00 00 00 00 00 00 00 00 00 00 00 00 
03 00 21 00 00 00 
03 00 21 00 00 00 00 00 00 00 07 08 7E 9A 40 90 D6 A9 3E 43 8D D9 40 C1 CC C7 42 00 00 00 00 00 00 00 00 00 00 00 00 
03 00 21 00 00 00 
03 00 21 00 00 00 00 00 00 00 07 08 7E 9A 40 90 D6 A9 3E 43 8D D9 40 C1 CC C7 42 00 00 00 00 00 00 00 00 00 00 00 00 
03 00 21 00 00 00 
03 00 21 00 00 00 00 00 00 00 07 08 7E 9A 40 90 D6 A9 3E 43 8D D9 40 C1 CC C7 42 00 00 00 00 00 00 00 00 00 00 00 00 
03 00 21 00 00 00 
03 00 21 00 00 00 00 00 00 00 07 08 7E 9A 40 90 D6 A9 3E 43 8D D9 40 C1 CC C7 42 00 00 00 00 00 00 00 00 00 00 00 00 
03 00 21 00 00 00 
03 00 21 00 00 00 00 00 00 00 07 08 7E 9A 40 90 D6 A9 3E 43 8D D9 40 C1 CC C7 42 00 00 00 00 00 00 00 00 00 00 00 00 
03 00 21 00 00 00 
03 00 21 00 00 00 00 00 00 00 07 08 7E 9A 40 90 D6 A9 3E 43 8D D9 40 C1 CC C7 42 00 00 00 00 00 00 00 00 00 00 00 00 
03 00 21 00 00 00 
03 00 21 00 00 00 00 00 00 00 07 08 7E 9A 40 90 D6 A9 3E 43 8D D9 40 C1 CC C7 42 00 00 00 00 00 00 00 00 00 00 00 00 
03 00 21 00 00 00 
03 00 21 00 00 00 00 00 00 00 07 08 7E 9A 40 90 D6 A9 3E 43 8D D9 40 C1 CC C7 42 00 00 00 00 00 00 00 00 00 00 00 00 
03 00 21 00 00 00 
03 00 21 00 00 00 00 00 00 00 07 08 7E 9A 40 90 D6 A9 3E 43 8D D9 40 C1 CC C7 42 00 00 00 00 00 00 00 00 00 00 00 00 
03 00 21 00 00 00 
03 00 21 00 00 00 00 00 00 00 07 08 7E 9A 40 90 D6 A9 3E 43 8D D9 40 C1 CC C7 42 00 00 00 00 00 00 00 00 00 00 00 00 
03 00 21 00 00 00 
03 00 21 00 00 00 00 00 00 00 07 08 7E 9A 40 90 D6 A9 3E 43 8D D9 40 C1 CC C7 42 00 00 00 00 00 00 00 00 00 00 00 00 
03 00 21 00 00 00 
03 00 21 00 00 00 00 00 00 00 07 08 7E 9A 40 90 D6 A9 3E 43 8D D9 40 C1 CC C7 42 00 00 00 00 00 00 00 00 00 00 00 00 
03 00 21 00 00 00 
03 00 21 00 00 00 00 00 00 00 07 08 7E 9A 40 90 D6 A9 3E 43 8D D9 40 C1 CC C7 42 00 00 00 00 00 00 00 00 00 00 00 00 
03 00 21 00 00 00 
03 00 21 00 00 00 00 00 00 00 07 08 7E 9A 40 90 D6 A9 3E 43 8D D9 40 C1 CC C7 42 00 00 00 00 00 00 00 00 00 00 00 00 
03 00 21 00 00 00 
03 00 21 00 00 00 00 00 00 00 07 08 7E 9A 40 90 D6 A9 3E 43 8D D9 40 C1 CC C7 42 00 00 00 00 00 00 00 00 00 00 00 00 
03 00 21 00 00 00 
03 00 21 00 00 00 00 00 00 00 07 08 7E 9A 40 90 D6 A9 3E 43 8D D9 40 C1 CC C7 42 00 00 00 00 00 00 00 00 00 00 00 00 
03 00 21 00 00 00 
03 00 21 00 00 00 00 00 00 00 07 08 7E 9A 40 90 D6 A9 3E 43 8D D9 40 C1 CC C7 42 00 00 00 00 00 00 00 00 00 00 00 00 
03 00 21 00 00 00 
03 00 21 00 00 00 00 00 00 00 07 08 7E 9A 40 90 D6 A9 3E 43 8D D9 40 C1 CC C7 42 00 00 00 00 00 00 00 00 00 00 00 00 
03 00 21 00 00 00 
03 00 21 00 00 00 00 00 00 00 07 08 7E 9A 40 90 D6 A9 3E 43 8D D9 40 C1 CC C7 42 00 00 00 00 00 00 00 00 00 00 00 00 
03 00 21 00 00 00 
03 00 21 00 00 00 00 00 00 00 07 08 7E 9A 40 90 D6 A9 3E 43 8D D9 40 C1 CC C7 42 00 00 00 00 00 00 00 00 00 00 00 00 
03 00 21 00 00 00 
03 00 21 00 00 00 00 00 00 00 07 08 7E 9A 40 90 D6 A9 3E 43 8D D9 40 C1 CC C7 42 00 00 00 00 00 00 00 00 00 00 00 00 
03 00 21 00 00 00 
03 00 21 00 00 00 00 00 00 00 07 08 7E 9A 40 90 D6 A9 3E 43 8D D9 40 C1 CC C7 42 00 00 00 00 00 00 00 00 00 00 00 00 
03 00 21 00 00 00 
03 00 21 00 00 00 00 00 00 00 07 08 7E 9A 40 90 D6 A9 3E 43 8D D9 40 C1 CC C7 42 00 00 00 00 00 00 00 00 00 00 00 00 
03 00 21 00 00 00 
03 00 21 00 00 00 00 00 00 00 07 08 7E 9A 40 90 D6 A9 3E 43 8D D9 40 C1 CC C7 42 00 00 00 00 00 00 00 00 00 00 00 00 
03 00 21 00 00 00 
03 00 21 00 00 00 00 00 00 00 07 08 7E 9A 40 90 D6 A9 3E 43 8D D9 40 C1 CC C7 42 00 00 00 00 00 00 00 00 00 00 00 00 
03 00 21 00 00 00 
03 00 21 00 00 00 00 00 00 00 07 08 7E 9A 40 90 D6 A9 3E 43 8D D9 40 C1 CC C7 42 00 00 00 00 00 00 00 00 00 00 00 00 
03 00 21 00 00 00 
03 00 21 00 00 00 00 00 00 00 07 08 7E 9A 40 90 D6 A9 3E 43 8D D9 40 C1 CC C7 42 00 00 00 00 00 00 00 00 00 00 00 00 
03 00 21 00 00 00 
03 00 21 00 00 00 00 00 00 00 07 08 7E 9A 40 90 D6 A9 3E 43 8D D9 40 C1 CC C7 42 00 00 00 00 00 00 00 00 00 00 00 00 
03 00 21 00 00 00 
03 00 21 00 00 00 00 00 00 00 07 08 7E 9A 40 90 D6 A9 3E 43 8D D9 40 C1 CC C7 42 00 00 00 00 00 00 00 00 00 00 00 00 
03 00 21 00 00 00 
03 00 21 00 00 00 00 00 00 00 07 08 7E 9A 40 90 D6 A9 3E 43 8D D9 40 C1 CC C7 42 00 00 00 00 00 00 00 00 00 00 00 00 
03 00 21 00 00 00 
03 00 21 00 00 00 00 00 00 00 07 08 7E 9A 40 90 D6 A9 3E 43 8D D9 40 C1 CC C7 42 00 00 00 00 00 00 00 00 00 00 00 00 
03 00 21 00 00 00 
03 00 21 00 00 00 00 00 00 00 07 08 7E 9A 40 90 D6 A9 3E 43 8D D9 40 C1 CC C7 42 00 00 00 00 00 00 00 00 00 00 00 00 
03 00 21 00 00 00 
03 00 21 00 00 00 00 00 00 00 07 08 7E 9A 40 90 D6 A9 3E 43 8D D9 40 C1 CC C7 42 00 00 00 00 00 00 00 00 00 00 00 00 
03 00 21 00 00 00 
03 00 21 00 00 00 00 00 00 00 07 08 7E 9A 40 90 D6 A9 3E 43 8D D9 40 C1 CC C7 42 00 00 00 00 00 00 00 00 00 00 00 00 
03 00 21 00 00 00 
03 00 21 00 00 00 00 00 00 00 07 08 7E 9A 40 90 D6 A9 3E 43 8D D9 40 C1 CC C7 42 00 00 00 00 00 00 00 00 00 00 00 00 
03 00 21 00 00 00 
03 00 21 00 00 00 00 00 00 00 07 08 7E 9A 40 90 D6 A9 3E 43 8D D9 40 C1 CC C7 42 00 00 00 00 00 00 00 00 00 00 00 00 
03 00 21 00 00 00 
03 00 21 00 00 00 00 00 00 00 07 08 7E 9A 40 90 D6 A9 3E 43 8D D9 40 C1 CC C7 42 00 00 00 00 00 00 00 00 00 00 00 00 
03 00 21 00 00 00 
03 00 21 00 00 00 00 00 00 00 07 08 7E 9A 40 90 D6 A9 3E 43 8D D9 40 C1 CC C7 42 00 00 00 00 00 00 00 00 00 00 00 00 
03 00 21 00 00 00 
03 00 21 00 00 00 00 00 00 00 07 08 7E 9A 40 90 D6 A9 3E 43 8D D9 40 C1 CC C7 42 00 00 00 00 00 00 00 00 00 00 00 00 
03 00 21 00 00 00 
03 00 21 00 00 00 00 00 00 00 07 08 7E 9A 40 90 D6 A9 3E 43 8D D9 40 C1 CC C7 42 00 00 00 00 00 00 00 00 00 00 00 00 
03 00 21 00 00 00 
03 00 21 00 00 00 00 00 00 00 07 08 7E 9A 40 90 D6 A9 3E 43 8D D9 40 C1 CC C7 42 00 00 00 00 00 00 00 00 00 00 00 00 
03 00 21 00 00 00 
03 00 21 00 00 00 00 00 00 00 07 08 7E 9A 40 90 D6 A9 3E 43 8D D9 40 C1 CC C7 42 00 00 00 00 00 00 00 00 00 00 00 00 
03 00 21 00 00 00 
03 00 21 00 00 00 00 00 00 00 07 08 7E 9A 40 90 D6 A9 3E 43 8D D9 40 C1 CC C7 42 00 00 00 00 00 00 00 00 00 00 00 00 
03 00 21 00 00 00 
03 00 21 00 00 00 00 00 00 00 07 08 7E 9A 40 90 D6 A9 3E 43 8D D9 40 C1 CC C7 42 00 00 00 00 00 00 00 00 00 00 00 00 
03 00 21 00 00 00 
03 00 21 00 00 00 00 00 00 00 07 08 7E 9A 40 90 D6 A9 3E 43 8D D9 40 C1 CC C7 42 00 00 00 00 00 00 00 00 00 00 00 00 
03 00 21 00 00 00 
03 00 21 00 00 00 00 00 00 00 07 08 7E 9A 40 90 D6 A9 3E 43 8D D9 40 C1 CC C7 42 00 00 00 00 00 00 00 00 00 00 00 00 
03 00 21 00 00 00 
03 00 21 00 00 00 00 00 00 00 07 08 7E 9A 40 90 D6 A9 3E 43 8D D9 40 C1 CC C7 42 00 00 00 00 00 00 00 00 00 00 00 00 
03 00 21 00 00 00 
03 00 21 00 00 00 00 00 00 00 07 08 7E 9A 40 90 D6 A9 3E 43 8D D9 40 C1 CC C7 42 00 00 00 00 00 00 00 00 00 00 00 00 
03 00 21 00 00 00 
03 00 21 00 00 00 00 00 00 00 07 08 7E 9A 40 90 D6 A9 3E 43 8D D9 40 C1 CC C7 42 00 00 00 00 00 00 00 00 00 00 00 00 
03 00 21 00 00 00 
03 00 21 00 00 00 00 00 00 00 07 08 7E 9A 40 90 D6 A9 3E 43 8D D9 40 C1 CC C7 42 00 00 00 00 00 00 00 00 00 00 00 00 
03 00 21 00 00 00 
03 00 21 00 00 00 00 00 00 00 07 08 7E 9A 40 90 D6 A9 3E 43 8D D9 40 C1 CC C7 42 00 00 00 00 00 00 00 00 00 00 00 00 
03 00 21 00 00 00 
03 00 21 00 00 00 00 00 00 00 07 08 7E 9A 40 90 D6 A9 3E 43 8D D9 40 C1 CC C7 42 00 00 00 00 00 00 00 00 00 00 00 00 
03 00 21 00 00 00 
03 00 21 00 00 00 00 00 00 00 07 08 7E 9A 40 90 D6 A9 3E 43 8D D9 40 C1 CC C7 42 00 00 00 00 00 00 00 00 00 00 00 00 
03 00 21 00 00 00 
03 00 21 00 00 00 00 00 00 00 07 08 7E 9A 40 90 D6 A9 3E 43 8D D9 40 C1 CC C7 42 00 00 00 00 00 00 00 00 00 00 00 00 
03 00 21 00 00 00 
03 00 21 00 00 00 00 00 00 00 07 08 7E 9A 40 90 D6 A9 3E 43 8D D9 40 C1 CC C7 42 00 00 00 00 00 00 00 00 00 00 00 00 
03 00 21 00 00 00 
03 00 21 00 00 00 00 00 00 00 07 08 7E 9A 40 90 D6 A9 3E 43 8D D9 40 C1 CC C7 42 00 00 00 00 00 00 00 00 00 00 00 00 
03 00 21 00 00 00 
03 00 21 00 00 00 00 00 00 00 07 08 7E 9A 40 90 D6 A9 3E 43 8D D9 40 C1 CC C7 42 00 00 00 00 00 00 00 00 00 00 00 00 
03 00 21 00 00 00 
03 00 21 00 00 00 00 00 00 00 07 08 7E 9A 40 90 D6 A9 3E 43 8D D9 40 C1 CC C7 42 00 00 00 00 00 00 00 00 00 00 00 00 
03 00 21 00 00 00 
03 00 21 00 00 00 00 00 00 00 07 08 7E 9A 40 90 D6 A9 3E 43 8D D9 40 C1 CC C7 42 00 00 00 00 00 00 00 00 00 00 00 00 
03 00 21 00 00 00 
03 00 21 00 00 00 00 00 00 00 07 08 7E 9A 40 90 D6 A9 3E 43 8D D9 40 C1 CC C7 42 00 00 00 00 00 00 00 00 00 00 00 00 
03 00 21 00 00 00 
03 00 21 00 00 00 00 00 00 00 07 08 7E 9A 40 90 D6 A9 3E 43 8D D9 40 C1 CC C7 42 00 00 00 00 00 00 00 00 00 00 00 00 
03 00 21 00 00 00 
03 00 21 00 00 00 00 00 00 00 07 08 7E 9A 40 90 D6 A9 3E 43 8D D9 40 C1 CC C7 42 00 00 00 00 00 00 00 00 00 00 00 00 
03 00 21 00 00 00 
03 00 21 00 00 00 00 00 00 00 07 08 7E 9A 40 90 D6 A9 3E 43 8D D9 40 C1 CC C7 42 00 00 00 00 00 00 00 00 00 00 00 00 
03 00 21 00 00 00 
03 00 21 00 00 00 00 00 00 00 07 08 7E 9A 40 90 D6 A9 3E 43 8D D9 40 C1 CC C7 42 00 00 00 00 00 00 00 00 00 00 00 00 
03 00 21 00 00 00 
03 00 21 00 00 00 00 00 00 00 07 08 7E 9A 40 90 D6 A9 3E 43 8D D9 40 C1 CC C7 42 00 00 00 00 00 00 00 00 00 00 00 00 
03 00 21 00 00 00 
03 00 21 00 00 00 00 00 00 00 07 08 7E 9A 40 90 D6 A9 3E 43 8D D9 40 C1 CC C7 42 00 00 00 00 00 00 00 00 00 00 00 00 
03 00 21 00 00 00 
03 00 21 00 00 00 00 00 00 00 07 08 7E 9A 40 90 D6 A9 3E 43 8D D9 40 C1 CC C7 42 00 00 00 00 00 00 00 00 00 00 00 00 
03 00 21 00 00 00 
03 00 21 00 00 00 00 00 00 00 07 08 7E 9A 40 90 D6 A9 3E 43 8D D9 40 C1 CC C7 42 00 00 00 00 00 00 00 00 00 00 00 00 
03 00 21 00 00 00 
03 00 21 00 00 00 00 00 00 00 07 08 7E 9A 40 90 D6 A9 3E 43 8D D9 40 C1 CC C7 42 00 00 00 00 00 00 00 00 00 00 00 00 
03 00 21 00 00 00 
03 00 21 00 00 00 00 00 00 00 07 08 7E 9A 40 80 D6 A9 3E 43 8D D9 40 C1 CC C7 42 00 00 00 00 00 00 48 B7 00 00 00 00 
03 00 21 00 00 00 
03 00 21 00 00 00 00 00 00 00 07 08 7E 9A 40 80 D6 A9 3E 43 8D D9 40 C1 CC C7 42 00 00 00 00 00 00 00 00 00 00 00 00 
03 00 21 00 00 00 
03 00 21 00 00 00 00 00 00 00 07 08 7E 9A 40 80 D6 A9 3E 43 8D D9 40 C1 CC C7 42 00 00 00 00 00 00 00 00 00 00 00 00 
03 00 21 00 00 00 
03 00 21 00 00 00 00 00 00 00 07 08 7E 9A 40 80 D6 A9 3E 43 8D D9 40 C1 CC C7 42 00 00 00 00 00 00 00 00 00 00 00 00 
03 00 21 00 00 00 
03 00 21 00 00 00 00 00 00 00 07 08 7E 9A 40 80 D6 A9 3E 43 8D D9 40 C1 CC C7 42 00 00 00 00 00 00 00 00 00 00 00 00 
03 00 21 00 00 00 
03 00 21 00 00 00 00 00 00 00 07 08 7E 9A 40 80 D6 A9 3E 43 8D D9 40 C1 CC C7 42 00 00 00 00 00 00 00 00 00 00 00 00 
03 00 21 00 00 00 
03 00 21 00 00 00 00 00 00 00 07 08 7E 9A 40 80 D6 A9 3E 43 8D D9 40 C1 CC C7 42 00 00 00 00 00 00 00 00 00 00 00 00 
03 00 21 00 00 00 
03 00 21 00 00 00 00 00 00 00 07 08 7E 9A 40 80 D6 A9 3E 43 8D D9 40 C1 CC C7 42 00 00 00 00 00 00 00 00 00 00 00 00 
03 00 21 00 00 00 
03 00 21 00 00 00 00 00 00 00 07 08 7E 9A 40 80 D6 A9 3E 43 8D D9 40 C1 CC C7 42 00 00 00 00 00 00 00 00 00 00 00 00 
03 00 21 00 00 00 
03 00 21 00 00 00 00 00 00 00 07 08 7E 9A 40 80 D6 A9 3E 43 8D D9 40 C1 CC C7 42 00 00 00 00 00 00 00 00 00 00 00 00 
03 00 21 00 00 00 
03 00 21 00 00 00 00 00 00 00 07 08 7E 9A 40 80 D6 A9 3E 43 8D D9 40 C1 CC C7 42 00 00 00 00 00 00 00 00 00 00 00 00 
03 00 21 00 00 00 
03 00 21 00 00 00 00 00 00 00 07 08 7E 9A 40 80 D6 A9 3E 43 8D D9 40 C1 CC C7 42 00 00 00 00 00 00 00 00 00 00 00 00 
03 00 21 00 00 00 
03 00 21 00 00 00 00 00 00 00 07 08 7E 9A 40 80 D6 A9 3E 43 8D D9 40 C1 CC C7 42 00 00 00 00 00 00 00 00 00 00 00 00 
03 00 21 00 00 00 
03 00 21 00 00 00 00 00 00 00 07 08 7E 9A 40 80 D6 A9 3E 43 8D D9 40 C1 CC C7 42 00 00 00 00 00 00 00 00 00 00 00 00 
03 00 21 00 00 00 
03 00 21 00 00 00 00 00 00 00 07 08 7E 9A 40 80 D6 A9 3E 43 8D D9 40 C1 CC C7 42 00 00 00 00 00 00 00 00 00 00 00 00 
03 00 21 00 00 00 
03 00 21 00 00 00 00 00 00 00 07 08 7E 9A 40 80 D6 A9 3E 43 8D D9 40 C1 CC C7 42 00 00 00 00 00 00 00 00 00 00 00 00 
03 00 21 00 00 00 
03 00 21 00 00 00 00 00 00 00 07 08 7E 9A 40 80 D6 A9 3E 43 8D D9 40 C1 CC C7 42 00 00 00 00 00 00 00 00 00 00 00 00 
03 00 21 00 00 00 
03 00 21 00 00 00 00 00 00 00 07 08 7E 9A 40 80 D6 A9 3E 43 8D D9 40 C1 CC C7 42 00 00 00 00 00 00 00 00 00 00 00 00 
03 00 21 00 00 00 
03 00 21 00 00 00 00 00 00 00 07 08 7E 9A 40 80 D6 A9 3E 43 8D D9 40 C1 CC C7 42 00 00 00 00 00 00 00 00 00 00 00 00 
03 00 21 00 00 00 
03 00 21 00 00 00 00 00 00 00 07 08 7E 9A 40 80 D6 A9 3E 43 8D D9 40 C1 CC C7 42 00 00 00 00 00 00 00 00 00 00 00 00 
03 00 21 00 00 00 
03 00 21 00 00 00 00 00 00 00 07 08 7E 9A 40 80 D6 A9 3E 43 8D D9 40 C1 CC C7 42 00 00 00 00 00 00 00 00 00 00 00 00 
03 00 21 00 00 00 
03 00 21 00 00 00 00 00 00 00 07 08 7E 9A 40 80 D6 A9 3E 43 8D D9 40 C1 CC C7 42 00 00 00 00 00 00 00 00 00 00 00 00 
03 00 21 00 00 00 
03 00 21 00 00 00 00 00 00 00 07 08 7E 9A 40 80 D6 A9 3E 43 8D D9 40 C1 CC C7 42 00 00 00 00 00 00 00 00 00 00 00 00 
03 00 21 00 00 00 
03 00 21 00 00 00 00 00 00 00 07 08 7E 9A 40 80 D6 A9 3E 43 8D D9 40 C1 CC C7 42 00 00 00 00 00 00 00 00 00 00 00 00 
03 00 21 00 00 00 
03 00 21 00 00 00 00 00 00 00 07 08 7E 9A 40 80 D6 A9 3E 43 8D D9 40 C1 CC C7 42 00 00 00 00 00 00 00 00 00 00 00 00 
03 00 21 00 00 00 
03 00 21 00 00 00 00 00 00 00 07 08 7E 9A 40 80 D6 A9 3E 43 8D D9 40 C1 CC C7 42 00 00 00 00 00 00 00 00 00 00 00 00 
03 00 21 00 00 00 
03 00 21 00 00 00 00 00 00 00 07 08 7E 9A 40 80 D6 A9 3E 43 8D D9 40 C1 CC C7 42 00 00 00 00 00 00 00 00 00 00 00 00 
03 00 21 00 00 00 
03 00 21 00 00 00 00 00 00 00 07 08 7E 9A 40 80 D6 A9 3E 43 8D D9 40 C1 CC C7 42 00 00 00 00 00 00 00 00 00 00 00 00 
03 00 21 00 00 00 
03 00 21 00 00 00 00 00 00 00 07 08 7E 9A 40 80 D6 A9 3E 43 8D D9 40 C1 CC C7 42 00 00 00 00 00 00 00 00 00 00 00 00 
03 00 21 00 00 00 
03 00 21 00 00 00 00 00 00 00 07 08 7E 9A 40 80 D6 A9 3E 43 8D D9 40 C1 CC C7 42 00 00 00 00 00 00 00 00 00 00 00 00 
03 00 21 00 00 00 
03 00 21 00 00 00 00 00 00 00 07 08 7E 9A 40 80 D6 A9 3E 43 8D D9 40 C1 CC C7 42 00 00 00 00 00 00 00 00 00 00 00 00 
03 00 21 00 00 00 
03 00 21 00 00 00 00 00 00 00 07 08 7E 9A 40 80 D6 A9 3E 43 8D D9 40 C1 CC C7 42 00 00 00 00 00 00 00 00 00 00 00 00 
03 00 21 00 00 00 
03 00 21 00 00 00 00 00 00 00 07 08 7E 9A 40 80 D6 A9 3E 43 8D D9 40 C1 CC C7 42 00 00 00 00 00 00 00 00 00 00 00 00 
03 00 21 00 00 00 
03 00 21 00 00 00 00 00 00 00 07 08 7E 9A 40 80 D6 A9 3E 43 8D D9 40 C1 CC C7 42 00 00 00 00 00 00 00 00 00 00 00 00 
03 00 21 00 00 00 
03 00 21 00 00 00 00 00 00 00 07 08 7E 9A 40 80 D6 A9 3E 43 8D D9 40 C1 CC C7 42 00 00 00 00 00 00 00 00 00 00 00 00 
03 00 21 00 00 00 
03 00 21 00 00 00 00 00 00 00 07 08 7E 9A 40 80 D6 A9 3E 43 8D D9 40 C1 CC C7 42 00 00 00 00 00 00 00 00 00 00 00 00 
03 00 21 00 00 00 
03 00 21 00 00 00 00 00 00 00 07 08 7E 9A 40 80 D6 A9 3E 43 8D D9 40 C1 CC C7 42 00 00 00 00 00 00 00 00 00 00 00 00 
03 00 21 00 00 00 
03 00 21 00 00 00 00 00 00 00 07 08 7E 9A 40 80 D6 A9 3E 43 8D D9 40 C1 CC C7 42 00 00 00 00 00 00 00 00 00 00 00 00 
03 00 21 00 00 00 
03 00 21 00 00 00 00 00 00 00 07 08 7E 9A 40 80 D6 A9 3E 43 8D D9 40 C1 CC C7 42 00 00 00 00 00 00 00 00 00 00 00 00 
03 00 21 00 00 00 
03 00 21 00 00 00 00 00 00 00 07 08 7E 9A 40 80 D6 A9 3E 43 8D D9 40 C1 CC C7 42 00 00 00 00 00 00 00 00 00 00 00 00 
03 00 21 00 00 00 
03 00 21 00 00 00 00 00 00 00 07 08 7E 9A 40 80 D6 A9 3E 43 8D D9 40 C1 CC C7 42 00 00 00 00 00 00 00 00 00 00 00 00 
03 00 21 00 00 00 
03 00 21 00 00 00 00 00 00 00 07 08 7E 9A 40 80 D6 A9 3E 43 8D D9 40 C1 CC C7 42 00 00 00 00 00 00 00 00 00 00 00 00 
03 00 21 00 00 00 
03 00 21 00 00 00 00 00 00 00 07 08 7E 9A 40 80 D6 A9 3E 43 8D D9 40 C1 CC C7 42 00 00 00 00 00 00 00 00 00 00 00 00 
03 00 21 00 00 00 
03 00 21 00 00 00 00 00 00 00 07 08 7E 9A 40 80 D6 A9 3E 43 8D D9 40 C1 CC C7 42 00 00 00 00 00 00 00 00 00 00 00 00 
03 00 21 00 00 00 
03 00 21 00 00 00 00 00 00 00 07 08 7E 9A 40 80 D6 A9 3E 43 8D D9 40 C1 CC C7 42 00 00 00 00 00 00 00 00 00 00 00 00 
03 00 21 00 00 00 
03 00 21 00 00 00 00 00 00 00 07 08 7E 9A 40 80 D6 A9 3E 43 8D D9 40 C1 CC C7 42 00 00 00 00 00 00 00 00 00 00 00 00 
03 00 21 00 00 00 
03 00 21 00 00 00 00 00 00 00 07 08 7E 9A 40 80 D6 A9 3E 43 8D D9 40 C1 CC C7 42 00 00 00 00 00 00 00 00 00 00 00 00 
03 00 21 00 00 00 
03 00 21 00 00 00 00 00 00 00 07 08 7E 9A 40 80 D6 A9 3E 43 8D D9 40 C1 CC C7 42 00 00 00 00 00 00 00 00 00 00 00 00 
03 00 21 00 00 00 
03 00 21 00 00 00 00 00 00 00 07 08 7E 9A 40 80 D6 A9 3E 43 8D D9 40 C1 CC C7 42 00 00 00 00 00 00 00 00 00 00 00 00 
03 00 21 00 00 00 
03 00 21 00 00 00 00 00 00 00 07 08 7E 9A 40 80 D6 A9 3E 43 8D D9 40 C1 CC C7 42 00 00 00 00 00 00 00 00 00 00 00 00 
03 00 21 00 00 00 
03 00 21 00 00 00 00 00 00 00 07 08 7E 9A 40 80 D6 A9 3E 43 8D D9 40 C1 CC C7 42 00 00 00 00 00 00 00 00 00 00 00 00 
03 00 21 00 00 00 
03 00 21 00 00 00 00 00 00 00 07 08 7E 9A 40 80 D6 A9 3E 43 8D D9 40 C1 CC C7 42 00 00 00 00 00 00 00 00 00 00 00 00 
03 00 21 00 00 00 
03 00 21 00 00 00 00 00 00 00 07 08 7E 9A 40 80 D6 A9 3E 43 8D D9 40 C1 CC C7 42 00 00 00 00 00 00 00 00 00 00 00 00 
03 00 21 00 00 00 
03 00 21 00 00 00 00 00 00 00 07 08 7E 9A 40 80 D6 A9 3E 43 8D D9 40 C1 CC C7 42 00 00 00 00 00 00 00 00 00 00 00 00 
03 00 21 00 00 00 
03 00 21 00 00 00 00 00 00 00 07 08 7E 9A 40 80 D6 A9 3E 43 8D D9 40 C1 CC C7 42 00 00 00 00 00 00 00 00 00 00 00 00 
03 00 21 00 00 00 
03 00 21 00 00 00 00 00 00 00 07 08 7E 9A 40 80 D6 A9 3E 43 8D D9 40 C1 CC C7 42 00 00 00 00 00 00 00 00 00 00 00 00 
03 00 21 00 00 00 
03 00 21 00 00 00 00 00 00 00 07 08 7E 9A 40 80 D6 A9 3E 43 8D D9 40 C1 CC C7 42 00 00 00 00 00 00 00 00 00 00 00 00 
03 00 21 00 00 00 
03 00 21 00 00 00 00 00 00 00 07 08 7E 9A 40 80 D6 A9 3E 43 8D D9 40 C1 CC C7 42 00 00 00 00 00 00 00 00 00 00 00 00 
03 00 21 00 00 00 
03 00 21 00 00 00 00 00 00 00 07 08 7E 9A 40 80 D6 A9 3E 43 8D D9 40 C1 CC C7 42 00 00 00 00 00 00 00 00 00 00 00 00 
03 00 21 00 00 00 
03 00 21 00 00 00 00 00 00 00 07 08 7E 9A 40 80 D6 A9 3E 43 8D D9 40 C1 CC C7 42 00 00 00 00 00 00 00 00 00 00 00 00 
03 00 21 00 00 00 
03 00 21 00 00 00 00 00 00 00 07 08 7E 9A 40 80 D6 A9 3E 43 8D D9 40 C1 CC C7 42 00 00 00 00 00 00 00 00 00 00 00 00 
03 00 21 00 00 00 
03 00 21 00 00 00 00 00 00 00 07 08 7E 9A 40 80 D6 A9 3E 43 8D D9 40 C1 CC C7 42 00 00 00 00 00 00 00 00 00 00 00 00 
03 00 21 00 00 00 
03 00 21 00 00 00 00 00 00 00 07 08 7E 9A 40 80 D6 A9 3E 43 8D D9 40 C1 CC C7 42 00 00 00 00 00 00 00 00 00 00 00 00 
03 00 21 00 00 00 
03 00 21 00 00 00 00 00 00 00 07 08 7E 9A 40 80 D6 A9 3E 43 8D D9 40 C1 CC C7 42 00 00 00 00 00 00 00 00 00 00 00 00 
03 00 21 00 00 00 
03 00 21 00 00 00 00 00 00 00 07 08 7E 9A 40 80 D6 A9 3E 43 8D D9 40 C1 CC C7 42 00 00 00 00 00 00 00 00 00 00 00 00 
03 00 21 00 00 00 
03 00 21 00 00 00 00 00 00 00 07 08 7E 9A 40 80 D6 A9 3E 43 8D D9 40 C1 CC C7 42 00 00 00 00 00 00 00 00 00 00 00 00 
03 00 21 00 00 00 
03 00 21 00 00 00 00 00 00 00 07 08 7E 9A 40 80 D6 A9 3E 43 8D D9 40 C1 CC C7 42 00 00 00 00 00 00 00 00 00 00 00 00 
03 00 21 00 00 00 
03 00 21 00 00 00 00 00 00 00 07 08 7E 9A 40 80 D6 A9 3E 43 8D D9 40 C1 CC C7 42 00 00 00 00 00 00 00 00 00 00 00 00 
03 00 21 00 00 00 
03 00 21 00 00 00 00 00 00 00 07 08 7E 9A 40 80 D6 A9 3E 43 8D D9 40 C1 CC C7 42 00 00 00 00 00 00 00 00 00 00 00 00 
03 00 21 00 00 00 
03 00 21 00 00 00 00 00 00 00 07 08 7E 9A 40 80 D6 A9 3E 43 8D D9 40 C1 CC C7 42 00 00 00 00 00 00 00 00 00 00 00 00 
03 00 21 00 00 00 
03 00 21 00 00 00 00 00 00 00 07 08 7E 9A 40 80 D6 A9 3E 43 8D D9 40 C1 CC C7 42 00 00 00 00 00 00 00 00 00 00 00 00 
03 00 21 00 00 00 
03 00 21 00 00 00 00 00 00 00 07 08 7E 9A 40 80 D6 A9 3E 43 8D D9 40 C1 CC C7 42 00 00 00 00 00 00 00 00 00 00 00 00 
03 00 21 00 00 00 
03 00 21 00 00 00 00 00 00 00 07 08 7E 9A 40 80 D6 A9 3E 43 8D D9 40 C1 CC C7 42 00 00 00 00 00 00 00 00 00 00 00 00 
03 00 21 00 00 00 
03 00 21 00 00 00 00 00 00 00 07 08 7E 9A 40 80 D6 A9 3E 43 8D D9 40 C1 CC C7 42 00 00 00 00 00 00 00 00 00 00 00 00 
03 00 21 00 00 00 
03 00 21 00 00 00 00 00 00 00 07 08 7E 9A 40 80 D6 A9 3E 43 8D D9 40 C1 CC C7 42 00 00 00 00 00 00 00 00 00 00 00 00 
03 00 21 00 00 00 
03 00 21 00 00 00 00 00 00 00 07 08 7E 9A 40 80 D6 A9 3E 43 8D D9 40 C1 CC C7 42 00 00 00 00 00 00 00 00 00 00 00 00 
03 00 21 00 00 00 
03 00 21 00 00 00 00 00 00 00 07 08 7E 9A 40 80 D6 A9 3E 43 8D D9 40 C1 CC C7 42 00 00 00 00 00 00 00 00 00 00 00 00 
03 00 21 00 00 00 
03 00 21 00 00 00 00 00 00 00 07 08 7E 9A 40 80 D6 A9 3E 43 8D D9 40 C1 CC C7 42 00 00 00 00 00 00 00 00 00 00 00 00 
03 00 21 00 00 00 
03 00 21 00 00 00 00 00 00 00 07 08 7E 9A 40 80 D6 A9 3E 43 8D D9 40 C1 CC C7 42 00 00 00 00 00 00 00 00 00 00 00 00 
03 00 21 00 00 00 
03 00 21 00 00 00 00 00 00 00 07 08 7E 9A 40 80 D6 A9 3E 43 8D D9 40 C1 CC C7 42 00 00 00 00 00 00 00 00 00 00 00 00 
03 00 21 00 00 00 
03 00 21 00 00 00 00 00 00 00 07 08 7E 9A 40 80 D6 A9 3E 43 8D D9 40 C1 CC C7 42 00 00 00 00 00 00 00 00 00 00 00 00 
03 00 21 00 00 00 
03 00 21 00 00 00 00 00 00 00 07 08 7E 9A 40 80 D6 A9 3E 43 8D D9 40 C1 CC C7 42 00 00 00 00 00 00 00 00 00 00 00 00 
03 00 21 00 00 00 
03 00 21 00 00 00 00 00 00 00 07 08 7E 9A 40 80 D6 A9 3E 43 8D D9 40 C1 CC C7 42 00 00 00 00 00 00 00 00 00 00 00 00 
03 00 21 00 00 00 
03 00 21 00 00 00 00 00 00 00 07 08 7E 9A 40 80 D6 A9 3E 43 8D D9 40 C1 CC C7 42 00 00 00 00 00 00 00 00 00 00 00 00 
03 00 21 00 00 00 
03 00 21 00 00 00 00 00 00 00 07 08 7E 9A 40 80 D6 A9 3E 43 8D D9 40 C1 CC C7 42 00 00 00 00 00 00 00 00 00 00 00 00 
03 00 21 00 00 00 
03 00 21 00 00 00 00 00 00 00 07 08 7E 9A 40 80 D6 A9 3E 43 8D D9 40 C1 CC C7 42 00 00 00 00 00 00 00 00 00 00 00 00 
03 00 21 00 00 00 
03 00 21 00 00 00 00 00 00 00 07 08 7E 9A 40 80 D6 A9 3E 43 8D D9 40 C1 CC C7 42 00 00 00 00 00 00 00 00 00 00 00 00 
03 00 21 00 00 00 
03 00 21 00 00 00 00 00 00 00 07 08 7E 9A 40 80 D6 A9 3E 43 8D D9 40 C1 CC C7 42 00 00 00 00 00 00 00 00 00 00 00 00 
03 00 21 00 00 00 
03 00 21 00 00 00 00 00 00 00 07 08 7E 9A 40 80 D6 A9 3E 43 8D D9 40 C1 CC C7 42 00 00 00 00 00 00 00 00 00 00 00 00 
03 00 21 00 00 00 
03 00 21 00 00 00 00 00 00 00 07 08 7E 9A 40 80 D6 A9 3E 43 8D D9 40 C1 CC C7 42 00 00 00 00 00 00 00 00 00 00 00 00 
03 00 21 00 00 00 
03 00 21 00 00 00 00 00 00 00 07 08 7E 9A 40 80 D6 A9 3E 43 8D D9 40 C1 CC C7 42 00 00 00 00 00 00 00 00 00 00 00 00 
03 00 21 00 00 00 
03 00 21 00 00 00 00 00 00 00 07 08 7E 9A 40 80 D6 A9 3E 43 8D D9 40 C1 CC C7 42 00 00 00 00 00 00 00 00 00 00 00 00 
03 00 21 00 00 00 
03 00 21 00 00 00 00 00 00 00 07 08 7E 9A 40 80 D6 A9 3E 43 8D D9 40 C1 CC C7 42 00 00 00 00 00 00 00 00 00 00 00 00 
03 00 21 00 00 00 
03 00 21 00 00 00 00 00 00 00 07 08 7E 9A 40 80 D6 A9 3E 43 8D D9 40 C1 CC C7 42 00 00 00 00 00 00 00 00 00 00 00 00 
03 00 21 00 00 00 
03 00 21 00 00 00 00 00 00 00 07 08 7E 9A 40 80 D6 A9 3E 43 8D D9 40 C1 CC C7 42 00 00 00 00 00 00 00 00 00 00 00 00 
03 00 21 00 00 00 
03 00 21 00 00 00 00 00 00 00 07 08 7E 9A 40 80 D6 A9 3E 43 8D D9 40 C1 CC C7 42 00 00 00 00 00 00 00 00 00 00 00 00 
03 00 21 00 00 00 
03 00 21 00 00 00 00 00 00 00 07 08 7E 9A 40 80 D6 A9 3E 43 8D D9 40 C1 CC C7 42 00 00 00 00 00 00 00 00 00 00 00 00 
03 00 21 00 00 00 
03 00 21 00 00 00 00 00 00 00 07 08 7E 9A 40 80 D6 A9 3E 43 8D D9 40 C1 CC C7 42 00 00 00 00 00 00 00 00 00 00 00 00 
03 00 21 00 00 00 
